1771074675074 0.0 0
1771074675220 0.0 1
1771074675353 0.0 2
1771074675505 0.0 3
1771074675643 0.0 4
1771074675791 0.0 5
1771074675931 0.0 6
1771074676086 0.0 7
1771074676222 0.0 8
1771074676360 0.0 9
1771074676497 0.0 10
1771074676636 0.0 11
1771074676776 0.0 12
1771074676916 0.0 13
1771074677060 0.0 14
1771074677212 0.0 15
1771074677354 0.0 16
1771074677494 0.0 17
1771074677635 0.0 18
1771074677788 0.0 19
1771074677942 0.0 20
1771074678096 0.0 21
1771074678246 0.0 22
1771074678386 0.0 23
1771074678531 0.0 24
1771074678671 0.0 25
1771074678816 0.0 26
1771074678959 0.0 27
1771074679134 0.0 28
1771074679298 0.0 29
1771074679436 0.0 30
1771074679578 0.0 31
1771074679714 0.0 32
1771074679865 0.0 33
1771074680008 0.0 34
1771074680118 0.0 35
1771074680243 0.0 35
1771074680480 0.0 35
1771074680677 1.0 36
1771074680894 1.0 37
1771074681051 1.0 38
1771074681189 1.0 39
1771074681338 1.0 40
1771074681478 1.0 41
1771074681620 1.0 42
1771074681784 1.0 43
1771074681927 1.0 44
1771074682083 1.0 45
1771074682224 1.0 46
1771074682374 1.0 47
1771074682515 1.0 48
1771074682666 1.0 49
1771074682835 1.0 50
1771074682980 1.0 51
1771074683142 1.0 52
1771074683291 1.0 53
1771074683440 1.0 54
1771074683598 1.0 55
1771074683745 1.0 56
1771074683893 1.0 57
1771074684043 1.0 58
1771074684228 1.0 59
1771074684376 1.0 60
1771074684525 1.0 61
1771074684672 1.0 62
1771074684825 1.0 63
1771074684975 1.0 64
1771074685129 1.0 65
1771074685269 1.0 66
1771074685419 1.0 67
1771074685567 1.0 68
1771074685723 1.0 69
1771074685871 1.0 70
1771074685979 1.0 71
1771074686109 1.0 71
1771074686354 1.0 71
1771074686719 2.0 72
1771074686878 2.0 73
1771074687026 2.0 74
1771074687172 2.0 75
1771074687325 2.0 76
1771074687466 2.0 77
1771074687607 2.0 78
1771074687754 2.0 79
1771074687900 2.0 80
1771074688048 2.0 81
1771074688193 2.0 82
1771074688349 2.0 83
1771074688495 2.0 84
1771074688667 2.0 85
1771074688924 2.0 86
1771074689085 2.0 87
1771074689281 2.0 88
1771074689433 2.0 89
1771074689642 2.0 90
1771074689836 2.0 91
1771074690046 2.0 92
1771074690316 2.0 93
1771074690529 2.0 94
1771074690737 2.0 95
1771074690911 2.0 96
1771074691111 2.0 97
1771074691285 2.0 98
1771074691451 2.0 99
1771074691601 2.0 100
1771074691747 2.0 101
1771074691896 2.0 102
1771074692058 2.0 103
1771074692209 2.0 104
1771074692355 2.0 105
1771074692505 2.0 106
1771074692620 2.0 107
1771074692766 2.0 107
1771074693012 2.0 107
1771074693165 3.0 108
1771074693314 3.0 109
1771074693462 3.0 110
1771074693612 3.0 111
1771074693754 3.0 112
1771074693897 3.0 113
1771074694050 3.0 114
1771074694236 3.0 115
1771074694389 3.0 116
1771074694540 3.0 117
1771074694697 3.0 118
1771074694842 3.0 119
1771074694990 3.0 120
1771074695155 3.0 121
1771074695313 3.0 122
1771074695470 3.0 123
1771074695630 3.0 124
1771074695793 3.0 125
1771074695945 3.0 126
1771074696103 3.0 127
1771074696255 3.0 128
1771074696410 3.0 129
1771074696563 3.0 130
1771074696723 3.0 131
1771074696879 3.0 132
1771074697028 3.0 133
1771074697188 3.0 134
1771074697340 3.0 135
1771074697492 3.0 136
1771074697642 3.0 137
1771074697793 3.0 138
1771074697944 3.0 139
1771074698106 3.0 140
1771074698252 3.0 141
1771074698398 3.0 142
1771074698501 3.0 143
1771074698642 3.0 143
1771074698890 3.0 143
1771074699042 4.0 144
1771074699248 4.0 145
1771074699391 4.0 146
1771074699537 4.0 147
1771074699686 4.0 148
1771074699833 4.0 149
1771074699992 4.0 150
1771074700146 4.0 151
1771074700294 4.0 152
1771074700446 4.0 153
1771074700593 4.0 154
1771074700748 4.0 155
1771074700910 4.0 156
1771074701062 4.0 157
1771074701213 4.0 158
1771074701362 4.0 159
1771074701504 4.0 160
1771074701660 4.0 161
1771074701808 4.0 162
1771074701978 4.0 163
1771074702127 4.0 164
1771074702277 4.0 165
1771074702429 4.0 166
1771074702574 4.0 167
1771074702721 4.0 168
1771074702871 4.0 169
1771074703021 4.0 170
1771074703178 4.0 171
1771074703329 4.0 172
1771074703516 4.0 173
1771074703666 4.0 174
1771074703808 4.0 175
1771074703973 4.0 176
1771074704257 4.0 177
1771074704405 4.0 178
1771074704512 4.0 179
1771074704645 4.0 179
1771074704898 4.0 179
1771074705050 5.0 180
1771074705203 5.0 181
1771074705357 5.0 182
1771074705506 5.0 183
1771074705664 5.0 184
1771074705824 5.0 185
1771074705986 5.0 186
1771074706133 5.0 187
1771074706279 5.0 188
1771074706434 5.0 189
1771074706578 5.0 190
1771074706728 5.0 191
1771074706882 5.0 192
1771074707037 5.0 193
1771074707190 5.0 194
1771074707333 5.0 195
1771074707485 5.0 196
1771074707640 5.0 197
1771074707808 5.0 198
1771074707978 5.0 199
1771074708128 5.0 200
1771074708278 5.0 201
1771074708438 5.0 202
1771074708593 5.0 203
1771074708770 5.0 204
1771074708940 5.0 205
1771074709092 5.0 206
1771074709304 5.0 207
1771074709479 5.0 208
1771074709637 5.0 209
1771074709796 5.0 210
1771074709967 5.0 211
1771074710116 5.0 212
1771074710274 5.0 213
1771074710435 5.0 214
1771074710551 5.0 215
1771074710703 5.0 215
1771074710712 5.0 215
1771074710896 6.0 216
1771074711057 6.0 217
1771074711255 6.0 218
1771074711427 6.0 219
1771074711657 6.0 220
1771074711846 6.0 221
1771074712005 6.0 222
1771074712162 6.0 223
1771074712320 6.0 224
1771074712472 6.0 225
1771074712627 6.0 226
1771074712791 6.0 227
1771074712954 6.0 228
1771074713121 6.0 229
1771074713272 6.0 230
1771074713437 6.0 231
1771074713589 6.0 232
1771074713751 6.0 233
1771074713912 6.0 234
1771074714071 6.0 235
1771074714270 6.0 236
1771074714421 6.0 237
1771074714565 6.0 238
1771074714713 6.0 239
1771074714861 6.0 240
1771074715022 6.0 241
1771074715177 6.0 242
1771074715341 6.0 243
1771074715494 6.0 244
1771074715649 6.0 245
1771074715801 6.0 246
1771074715958 6.0 247
1771074716106 6.0 248
1771074716271 6.0 249
1771074716424 6.0 250
1771074716536 6.0 251
1771074716668 6.0 251
1771074716677 6.0 251
1771074716834 7.0 252
1771074716990 7.0 253
1771074717148 7.0 254
1771074717299 7.0 255
1771074717452 7.0 256
1771074717640 7.0 257
1771074717813 7.0 258
1771074717975 7.0 259
1771074718128 7.0 260
1771074718272 7.0 261
1771074718435 7.0 262
1771074718594 7.0 263
1771074718765 7.0 264
1771074718923 7.0 265
1771074719087 7.0 266
1771074719295 7.0 267
1771074719454 7.0 268
1771074719610 7.0 269
1771074719821 7.0 270
1771074720042 7.0 271
1771074720196 7.0 272
1771074720348 7.0 273
1771074720505 7.0 274
1771074720656 7.0 275
1771074720808 7.0 276
1771074720957 7.0 277
1771074721114 7.0 278
1771074721268 7.0 279
1771074721422 7.0 280
1771074721581 7.0 281
1771074721765 7.0 282
1771074721939 7.0 283
1771074722100 7.0 284
1771074722253 7.0 285
1771074722408 7.0 286
1771074722521 7.0 287
1771074722661 7.0 287
1771074722669 7.0 287
1771074722850 8.0 288
1771074723040 8.0 289
1771074723202 8.0 290
1771074723350 8.0 291
1771074723507 8.0 292
1771074723682 8.0 293
1771074723872 8.0 294
1771074724024 8.0 295
1771074724229 8.0 296
1771074724393 8.0 297
1771074724552 8.0 298
1771074724710 8.0 299
1771074724862 8.0 300
1771074725030 8.0 301
1771074725188 8.0 302
1771074725352 8.0 303
1771074725506 8.0 304
1771074725659 8.0 305
1771074725821 8.0 306
1771074725975 8.0 307
1771074726121 8.0 308
1771074726277 8.0 309
1771074726428 8.0 310
1771074726582 8.0 311
1771074726741 8.0 312
1771074726894 8.0 313
1771074727060 8.0 314
1771074727215 8.0 315
1771074727370 8.0 316
1771074727526 8.0 317
1771074727687 8.0 318
1771074727839 8.0 319
1771074727997 8.0 320
1771074728148 8.0 321
1771074728298 8.0 322
1771074728412 8.0 323
1771074728555 8.0 323
1771074728563 8.0 323
1771074728740 9.0 324
1771074728898 9.0 325
1771074729060 9.0 326
1771074729279 9.0 327
1771074729440 9.0 328
1771074729601 9.0 329
1771074729758 9.0 330
1771074729907 9.0 331
1771074730063 9.0 332
1771074730212 9.0 333
1771074730381 9.0 334
1771074730544 9.0 335
1771074730698 9.0 336
1771074730849 9.0 337
1771074731006 9.0 338
1771074731158 9.0 339
1771074731316 9.0 340
1771074731474 9.0 341
1771074731628 9.0 342
1771074731805 9.0 343
1771074732000 9.0 344
1771074732156 9.0 345
1771074732331 9.0 346
1771074732492 9.0 347
1771074732649 9.0 348
1771074732816 9.0 349
1771074732974 9.0 350
1771074733132 9.0 351
1771074733290 9.0 352
1771074733463 9.0 353
1771074733628 9.0 354
1771074733792 9.0 355
1771074733938 9.0 356
1771074734108 9.0 357
1771074734296 9.0 358
1771074734413 9.0 359
1771074734555 9.0 359
1771074734562 9.0 359
1771074734720 10.0 360
1771074734883 10.0 361
1771074735046 10.0 362
1771074735254 10.0 363
1771074735488 10.0 364
1771074735635 10.0 365
1771074735795 10.0 366
1771074735953 10.0 367
1771074736103 10.0 368
1771074736260 10.0 369
1771074736410 10.0 370
1771074736558 10.0 371
1771074736707 10.0 372
1771074736860 10.0 373
1771074737012 10.0 374
1771074737166 10.0 375
1771074737319 10.0 376
1771074737474 10.0 377
1771074737638 10.0 378
1771074737808 10.0 379
1771074737968 10.0 380
1771074738140 10.0 381
1771074738297 10.0 382
1771074738453 10.0 383
1771074738611 10.0 384
1771074738775 10.0 385
1771074738926 10.0 386
1771074739088 10.0 387
1771074739311 10.0 388
1771074739462 10.0 389
1771074739628 10.0 390
1771074739791 10.0 391
1771074739947 10.0 392
1771074740109 10.0 393
1771074740270 10.0 394
1771074740382 10.0 395
1771074740520 10.0 395
1771074740532 10.0 395
1771074740738 11.0 396
1771074740897 11.0 397
1771074741048 11.0 398
1771074741204 11.0 399
1771074741363 11.0 400
1771074741515 11.0 401
1771074741667 11.0 402
1771074741829 11.0 403
1771074741988 11.0 404
1771074742139 11.0 405
1771074742294 11.0 406
1771074742453 11.0 407
1771074742610 11.0 408
1771074742772 11.0 409
1771074742925 11.0 410
1771074743087 11.0 411
1771074743243 11.0 412
1771074743392 11.0 413
1771074743555 11.0 414
1771074743716 11.0 415
1771074743882 11.0 416
1771074744052 11.0 417
1771074744262 11.0 418
1771074744415 11.0 419
1771074744571 11.0 420
1771074744735 11.0 421
1771074744883 11.0 422
1771074745039 11.0 423
1771074745196 11.0 424
1771074745361 11.0 425
1771074745520 11.0 426
1771074745691 11.0 427
1771074745857 11.0 428
1771074746013 11.0 429
1771074746163 11.0 430
1771074746273 11.0 431
1771074746421 11.0 431
1771074746429 11.0 431
1771074746587 12.0 432
1771074746744 12.0 433
1771074746902 12.0 434
1771074747058 12.0 435
1771074747212 12.0 436
1771074747374 12.0 437
1771074747533 12.0 438
1771074747691 12.0 439
1771074747853 12.0 440
1771074748020 12.0 441
1771074748178 12.0 442
1771074748331 12.0 443
1771074748478 12.0 444
1771074748634 12.0 445
1771074748800 12.0 446
1771074748960 12.0 447
1771074749151 12.0 448
1771074749362 12.0 449
1771074749523 12.0 450
1771074749676 12.0 451
1771074749839 12.0 452
1771074750001 12.0 453
1771074750158 12.0 454
1771074750321 12.0 455
1771074750507 12.0 456
1771074750762 12.0 457
1771074750934 12.0 458
1771074751098 12.0 459
1771074751245 12.0 460
1771074751407 12.0 461
1771074751562 12.0 462
1771074751715 12.0 463
1771074751873 12.0 464
1771074752030 12.0 465
1771074752190 12.0 466
1771074752304 12.0 467
1771074752450 12.0 467
1771074752459 12.0 467
1771074752654 13.0 468
1771074752898 13.0 469
1771074753059 13.0 470
1771074753208 13.0 471
1771074753366 13.0 472
1771074753520 13.0 473
1771074753685 13.0 474
1771074753853 13.0 475
1771074754025 13.0 476
1771074754243 13.0 477
1771074754407 13.0 478
1771074754569 13.0 479
1771074754729 13.0 480
1771074754886 13.0 481
1771074755047 13.0 482
1771074755211 13.0 483
1771074755371 13.0 484
1771074755528 13.0 485
1771074755685 13.0 486
1771074755841 13.0 487
1771074755995 13.0 488
1771074756158 13.0 489
1771074756310 13.0 490
1771074756465 13.0 491
1771074756648 13.0 492
1771074756820 13.0 493
1771074756984 13.0 494
1771074757149 13.0 495
1771074757300 13.0 496
1771074757456 13.0 497
1771074757605 13.0 498
1771074757762 13.0 499
1771074757926 13.0 500
1771074758074 13.0 501
1771074758222 13.0 502
1771074758335 13.0 503
1771074758478 13.0 503
1771074758486 13.0 503
1771074758646 14.0 504
1771074758802 14.0 505
1771074758959 14.0 506
1771074759142 14.0 507
1771074759323 14.0 508
1771074759472 14.0 509
1771074759622 14.0 510
1771074759786 14.0 511
1771074759935 14.0 512
1771074760102 14.0 513
1771074760260 14.0 514
1771074760434 14.0 515
1771074760596 14.0 516
1771074760758 14.0 517
1771074760926 14.0 518
1771074761085 14.0 519
1771074761236 14.0 520
1771074761390 14.0 521
1771074761545 14.0 522
1771074761707 14.0 523
1771074761866 14.0 524
1771074762020 14.0 525
1771074762181 14.0 526
1771074762346 14.0 527
1771074762509 14.0 528
1771074762670 14.0 529
1771074762829 14.0 530
1771074762988 14.0 531
1771074763148 14.0 532
1771074763309 14.0 533
1771074763470 14.0 534
1771074763666 14.0 535
1771074763823 14.0 536
1771074763999 14.0 537
1771074764223 14.0 538
1771074764345 14.0 539
1771074764490 14.0 539
1771074764499 14.0 539
1771074764671 15.0 540
1771074764830 15.0 541
1771074764989 15.0 542
1771074765163 15.0 543
1771074765326 15.0 544
1771074765494 15.0 545
1771074765677 15.0 546
1771074765833 15.0 547
1771074765989 15.0 548
1771074766146 15.0 549
1771074766298 15.0 550
1771074766461 15.0 551
1771074766615 15.0 552
1771074766816 15.0 553
1771074767002 15.0 554
1771074767155 15.0 555
1771074767305 15.0 556
1771074767454 15.0 557
1771074767615 15.0 558
1771074767772 15.0 559
1771074767931 15.0 560
1771074768086 15.0 561
1771074768248 15.0 562
1771074768404 15.0 563
1771074768557 15.0 564
1771074768720 15.0 565
1771074768881 15.0 566
1771074769036 15.0 567
1771074769253 15.0 568
1771074769407 15.0 569
1771074769560 15.0 570
1771074769718 15.0 571
1771074769876 15.0 572
1771074770072 15.0 573
1771074770322 15.0 574
1771074770439 15.0 575
1771074770582 15.0 575
1771074770597 15.0 575
1771074770822 16.0 576
1771074771012 16.0 577
1771074771177 16.0 578
1771074771338 16.0 579
1771074771500 16.0 580
1771074771661 16.0 581
1771074771826 16.0 582
1771074771983 16.0 583
1771074772147 16.0 584
1771074772303 16.0 585
1771074772466 16.0 586
1771074772631 16.0 587
1771074772796 16.0 588
1771074772958 16.0 589
1771074773127 16.0 590
1771074773281 16.0 591
1771074773442 16.0 592
1771074773593 16.0 593
1771074773753 16.0 594
1771074773918 16.0 595
1771074774074 16.0 596
1771074774285 16.0 597
1771074774454 16.0 598
1771074774612 16.0 599
1771074774777 16.0 600
1771074774955 16.0 601
1771074775125 16.0 602
1771074775294 16.0 603
1771074775454 16.0 604
1771074775611 16.0 605
1771074775787 16.0 606
1771074775952 16.0 607
1771074776112 16.0 608
1771074776276 16.0 609
1771074776443 16.0 610
1771074776562 16.0 611
1771074776716 16.0 611
1771074776725 16.0 611
1771074776890 17.0 612
1771074777047 17.0 613
1771074777214 17.0 614
1771074777376 17.0 615
1771074777532 17.0 616
1771074777707 17.0 617
1771074777866 17.0 618
1771074778036 17.0 619
1771074778199 17.0 620
1771074778361 17.0 621
1771074778526 17.0 622
1771074778691 17.0 623
1771074778853 17.0 624
1771074779020 17.0 625
1771074779241 17.0 626
1771074779404 17.0 627
1771074779568 17.0 628
1771074779735 17.0 629
1771074779893 17.0 630
1771074780064 17.0 631
1771074780232 17.0 632
1771074780393 17.0 633
1771074780560 17.0 634
1771074780742 17.0 635
1771074780896 17.0 636
1771074781064 17.0 637
1771074781235 17.0 638
1771074781392 17.0 639
1771074781557 17.0 640
1771074781724 17.0 641
1771074781874 17.0 642
1771074782034 17.0 643
1771074782204 17.0 644
1771074782367 17.0 645
1771074782534 17.0 646
1771074782653 17.0 647
1771074782813 17.0 647
1771074782822 17.0 647
1771074783001 18.0 648
1771074783167 18.0 649
1771074783322 18.0 650
1771074783486 18.0 651
1771074783642 18.0 652
1771074783807 18.0 653
1771074783984 18.0 654
1771074784196 18.0 655
1771074784362 18.0 656
1771074784534 18.0 657
1771074784700 18.0 658
1771074784859 18.0 659
1771074785022 18.0 660
1771074785191 18.0 661
1771074785361 18.0 662
1771074785527 18.0 663
1771074785700 18.0 664
1771074785866 18.0 665
1771074786037 18.0 666
1771074786203 18.0 667
1771074786390 18.0 668
1771074786568 18.0 669
1771074786755 18.0 670
1771074786919 18.0 671
1771074787091 18.0 672
1771074787254 18.0 673
1771074787411 18.0 674
1771074787604 18.0 675
1771074787869 18.0 676
1771074788031 18.0 677
1771074788202 18.0 678
1771074788369 18.0 679
1771074788545 18.0 680
1771074788706 18.0 681
1771074788872 18.0 682
1771074788994 18.0 683
1771074789171 18.0 683
1771074789187 18.0 683
