1771074675074 697.4457397460938 0
1771074675220 563.6115112304688 1
1771074675353 586.5052490234375 2
1771074675505 568.137451171875 3
1771074675643 568.0615844726562 4
1771074675791 514.1038818359375 5
1771074675931 464.1706237792969 6
1771074676086 546.5703735351562 7
1771074676222 479.30303955078125 8
1771074676360 551.66650390625 9
1771074676497 473.0219421386719 10
1771074676636 442.7151794433594 11
1771074676776 511.055419921875 12
1771074676916 464.8802795410156 13
1771074677060 464.95477294921875 14
1771074677212 537.7437744140625 15
1771074677354 429.0630187988281 16
1771074677494 451.26702880859375 17
1771074677635 523.7465209960938 18
1771074677788 477.9553527832031 19
1771074677942 496.7967529296875 20
1771074678096 446.39801025390625 21
1771074678246 480.1980285644531 22
1771074678386 508.9168395996094 23
1771074678531 481.8457946777344 24
1771074678671 427.8489685058594 25
1771074678816 570.860107421875 26
1771074678959 470.31744384765625 27
1771074679134 467.09356689453125 28
1771074679298 486.0617370605469 29
1771074679436 508.70098876953125 30
1771074679578 479.5190124511719 31
1771074679714 480.3094177246094 32
1771074679865 512.6248168945312 33
1771074680008 486.234619140625 34
1771074680118 446.1318359375 35
1771074680677 480.361572265625 36
1771074680894 487.2991638183594 37
1771074681051 435.2864685058594 38
1771074681189 456.3565979003906 39
1771074681338 482.8539123535156 40
1771074681478 458.1886901855469 41
1771074681620 465.3112487792969 42
1771074681784 535.1034545898438 43
1771074681927 463.6627197265625 44
1771074682083 414.601318359375 45
1771074682224 393.25640869140625 46
1771074682374 486.1180419921875 47
1771074682515 420.2107238769531 48
1771074682666 420.9236145019531 49
1771074682835 390.1941833496094 50
1771074682980 444.719482421875 51
1771074683142 483.3475036621094 52
1771074683291 555.8786010742188 53
1771074683440 440.76458740234375 54
1771074683598 463.8998107910156 55
1771074683745 442.5914306640625 56
1771074683893 464.7501220703125 57
1771074684043 436.6778869628906 58
1771074684228 426.0690002441406 59
1771074684376 452.3175964355469 60
1771074684525 525.7429809570312 61
1771074684672 416.3980407714844 62
1771074684825 401.2784423828125 63
1771074684975 437.13714599609375 64
1771074685129 472.3144226074219 65
1771074685269 404.23974609375 66
1771074685419 461.334228515625 67
1771074685567 482.6082458496094 68
1771074685723 452.86834716796875 69
1771074685871 438.5971984863281 70
1771074685979 376.7720642089844 71
1771074686719 441.5433654785156 72
1771074686878 385.71856689453125 73
1771074687026 385.3009338378906 74
1771074687172 372.2833251953125 75
1771074687325 449.6750183105469 76
1771074687466 432.780029296875 77
1771074687607 411.81243896484375 78
1771074687754 379.12017822265625 79
1771074687900 395.8522033691406 80
1771074688048 393.9351501464844 81
1771074688193 388.7519836425781 82
1771074688349 418.39453125 83
1771074688495 476.0919494628906 84
1771074688667 442.1996765136719 85
1771074688924 366.8675537109375 86
1771074689085 426.92181396484375 87
1771074689281 419.9422302246094 88
1771074689433 486.5904235839844 89
1771074689642 404.78497314453125 90
1771074689836 410.4091796875 91
1771074690046 438.4582214355469 92
1771074690316 356.3705749511719 93
1771074690529 371.1532287597656 94
1771074690737 375.97119140625 95
1771074690911 405.55645751953125 96
1771074691111 422.60223388671875 97
1771074691285 400.5142517089844 98
1771074691451 397.4070739746094 99
1771074691601 341.3309020996094 100
1771074691747 385.0814514160156 101
1771074691896 424.9792785644531 102
1771074692058 416.6825866699219 103
1771074692209 436.4740295410156 104
1771074692355 393.26226806640625 105
1771074692505 388.2972717285156 106
1771074692620 378.7242431640625 107
1771074693165 406.01580810546875 108
1771074693314 351.70263671875 109
1771074693462 412.7496643066406 110
1771074693612 393.5870666503906 111
1771074693754 385.04803466796875 112
1771074693897 408.4052734375 113
1771074694050 436.2822570800781 114
1771074694236 368.9296875 115
1771074694389 432.3914794921875 116
1771074694540 402.18109130859375 117
1771074694697 418.5823669433594 118
1771074694842 388.0214538574219 119
1771074694990 396.84027099609375 120
1771074695155 369.5479431152344 121
1771074695313 368.988037109375 122
1771074695470 379.57806396484375 123
1771074695630 458.0134582519531 124
1771074695793 344.4259948730469 125
1771074695945 337.9277038574219 126
1771074696103 346.1913757324219 127
1771074696255 377.049560546875 128
1771074696410 386.8688659667969 129
1771074696563 403.4406433105469 130
1771074696723 424.75823974609375 131
1771074696879 352.9476623535156 132
1771074697028 321.897216796875 133
1771074697188 372.5229187011719 134
1771074697340 336.16107177734375 135
1771074697492 340.5569152832031 136
1771074697642 321.1954040527344 137
1771074697793 335.46661376953125 138
1771074697944 372.5236511230469 139
1771074698106 333.50897216796875 140
1771074698252 361.8423767089844 141
1771074698398 383.23724365234375 142
1771074698501 391.34454345703125 143
1771074699042 379.6523742675781 144
1771074699248 359.9179382324219 145
1771074699391 413.2712707519531 146
1771074699537 388.1087646484375 147
1771074699686 364.55059814453125 148
1771074699833 346.9388122558594 149
1771074699992 371.4054870605469 150
1771074700146 347.5376281738281 151
1771074700294 406.7605895996094 152
1771074700446 352.9907531738281 153
1771074700593 339.3545837402344 154
1771074700748 337.67132568359375 155
1771074700910 357.20599365234375 156
1771074701062 331.56475830078125 157
1771074701213 368.4106750488281 158
1771074701362 355.6647033691406 159
1771074701504 365.7026062011719 160
1771074701660 304.3719177246094 161
1771074701808 328.8280944824219 162
1771074701978 337.62115478515625 163
1771074702127 333.91717529296875 164
1771074702277 380.20953369140625 165
1771074702429 344.0228271484375 166
1771074702574 310.7162780761719 167
1771074702721 341.3957214355469 168
1771074702871 326.3203125 169
1771074703021 346.1331481933594 170
1771074703178 310.3138427734375 171
1771074703329 386.8834533691406 172
1771074703516 352.83453369140625 173
1771074703666 334.8450927734375 174
1771074703808 337.2913513183594 175
1771074703973 346.02288818359375 176
1771074704257 353.7665100097656 177
1771074704405 350.7893371582031 178
1771074704512 459.985107421875 179
1771074705050 305.14898681640625 180
1771074705203 336.9736633300781 181
1771074705357 385.7394104003906 182
1771074705506 329.1022033691406 183
1771074705664 332.3855895996094 184
1771074705824 337.00933837890625 185
1771074705986 291.362060546875 186
1771074706133 365.1468505859375 187
1771074706279 348.4431457519531 188
1771074706434 361.94219970703125 189
1771074706578 329.9433288574219 190
1771074706728 314.4980163574219 191
1771074706882 317.49517822265625 192
1771074707037 353.65985107421875 193
1771074707190 302.004638671875 194
1771074707333 317.4241638183594 195
1771074707485 314.6037292480469 196
1771074707640 329.63671875 197
1771074707808 341.4295349121094 198
1771074707978 322.55584716796875 199
1771074708128 320.04925537109375 200
1771074708278 323.02264404296875 201
1771074708438 408.8004455566406 202
1771074708593 343.20623779296875 203
1771074708770 344.2389831542969 204
1771074708940 304.68170166015625 205
1771074709092 390.35784912109375 206
1771074709304 362.9425354003906 207
1771074709479 312.8028869628906 208
1771074709637 337.8121643066406 209
1771074709796 349.11822509765625 210
1771074709967 315.35089111328125 211
1771074710116 347.8760986328125 212
1771074710274 330.70166015625 213
1771074710435 302.4575500488281 214
1771074710551 290.5975036621094 215
1771074710896 319.7256164550781 216
1771074711057 308.6781921386719 217
1771074711255 355.14398193359375 218
1771074711427 334.10430908203125 219
1771074711657 285.5265197753906 220
1771074711846 310.191162109375 221
1771074712005 311.4781799316406 222
1771074712162 283.4033203125 223
1771074712320 327.745849609375 224
1771074712472 330.9918518066406 225
1771074712627 319.2733459472656 226
1771074712791 307.17626953125 227
1771074712954 312.7856750488281 228
1771074713121 320.76666259765625 229
1771074713272 324.8368225097656 230
1771074713437 321.1860656738281 231
1771074713589 343.77569580078125 232
1771074713751 311.35552978515625 233
1771074713912 299.5119934082031 234
1771074714071 315.327392578125 235
1771074714270 317.4844970703125 236
1771074714421 324.08837890625 237
1771074714565 291.3754577636719 238
1771074714713 334.1928405761719 239
1771074714861 303.3675231933594 240
1771074715022 348.58251953125 241
1771074715177 304.9193420410156 242
1771074715341 320.06494140625 243
1771074715494 313.1440124511719 244
1771074715649 316.1202392578125 245
1771074715801 315.4869384765625 246
1771074715958 285.588134765625 247
1771074716106 313.5282897949219 248
1771074716271 314.1257629394531 249
1771074716424 281.22796630859375 250
1771074716536 361.5083923339844 251
1771074716834 270.234619140625 252
1771074716990 280.1875 253
1771074717148 256.5191955566406 254
1771074717299 410.0162048339844 255
1771074717452 295.0511474609375 256
1771074717640 316.2709045410156 257
1771074717813 262.7364501953125 258
1771074717975 299.0148010253906 259
1771074718128 295.97430419921875 260
1771074718272 281.565185546875 261
1771074718435 277.3641052246094 262
1771074718594 305.6213073730469 263
1771074718765 332.6026306152344 264
1771074718923 291.7552795410156 265
1771074719087 281.9647216796875 266
1771074719295 323.54656982421875 267
1771074719454 298.55291748046875 268
1771074719610 296.5906677246094 269
1771074719821 328.7174987792969 270
1771074720042 285.72515869140625 271
1771074720196 317.1816101074219 272
1771074720348 306.0181884765625 273
1771074720505 325.54736328125 274
1771074720656 297.2720947265625 275
1771074720808 267.7560119628906 276
1771074720957 348.0284118652344 277
1771074721114 276.8101501464844 278
1771074721268 304.5346984863281 279
1771074721422 282.7746276855469 280
1771074721581 314.3714294433594 281
1771074721765 352.6449279785156 282
1771074721939 270.86822509765625 283
1771074722100 336.9767761230469 284
1771074722253 325.9780578613281 285
1771074722408 269.3792724609375 286
1771074722521 278.21539306640625 287
1771074722850 302.3557434082031 288
1771074723040 310.968017578125 289
1771074723202 294.1587219238281 290
1771074723350 237.32875061035156 291
1771074723507 307.8905944824219 292
1771074723682 283.9981689453125 293
1771074723872 306.49884033203125 294
1771074724024 303.7217712402344 295
1771074724229 324.4774475097656 296
1771074724393 263.0233154296875 297
1771074724552 300.72412109375 298
1771074724710 305.4285583496094 299
1771074724862 244.06201171875 300
1771074725030 277.916748046875 301
1771074725188 257.2295227050781 302
1771074725352 271.4736022949219 303
1771074725506 254.5739288330078 304
1771074725659 263.4625549316406 305
1771074725821 240.00111389160156 306
1771074725975 298.5806579589844 307
1771074726121 292.95965576171875 308
1771074726277 263.98614501953125 309
1771074726428 260.2512512207031 310
1771074726582 234.75205993652344 311
1771074726741 261.2569885253906 312
1771074726894 306.0392150878906 313
1771074727060 283.6361999511719 314
1771074727215 277.03887939453125 315
1771074727370 265.107421875 316
1771074727526 318.0472106933594 317
1771074727687 320.0395812988281 318
1771074727839 281.2627258300781 319
1771074727997 290.81024169921875 320
1771074728148 257.5370178222656 321
1771074728298 241.16441345214844 322
1771074728412 266.89971923828125 323
1771074728740 268.673095703125 324
1771074728898 240.35781860351562 325
1771074729060 241.3472137451172 326
1771074729279 247.4114532470703 327
1771074729440 229.0487060546875 328
1771074729601 267.2514953613281 329
1771074729758 236.51210021972656 330
1771074729907 273.94189453125 331
1771074730063 249.82815551757812 332
1771074730212 247.60366821289062 333
1771074730381 224.35589599609375 334
1771074730544 237.39390563964844 335
1771074730698 273.6959533691406 336
1771074730849 274.366455078125 337
1771074731006 268.03271484375 338
1771074731158 303.0762634277344 339
1771074731316 231.68333435058594 340
1771074731474 277.54693603515625 341
1771074731628 263.7384338378906 342
1771074731805 252.28585815429688 343
1771074732000 269.6026611328125 344
1771074732156 273.65032958984375 345
1771074732331 254.17214965820312 346
1771074732492 305.02032470703125 347
1771074732649 226.47317504882812 348
1771074732816 263.2597351074219 349
1771074732974 256.8644714355469 350
1771074733132 240.990234375 351
1771074733290 269.4127197265625 352
1771074733463 260.7007751464844 353
1771074733628 231.63714599609375 354
1771074733792 271.0800476074219 355
1771074733938 261.18328857421875 356
1771074734108 257.6271057128906 357
1771074734296 290.47442626953125 358
1771074734413 270.85491943359375 359
1771074734720 275.7342224121094 360
1771074734883 262.79693603515625 361
1771074735046 257.94415283203125 362
1771074735254 234.98995971679688 363
1771074735488 255.1443634033203 364
1771074735635 236.2680206298828 365
1771074735795 228.4953155517578 366
1771074735953 272.995361328125 367
1771074736103 224.62396240234375 368
1771074736260 231.95468139648438 369
1771074736410 237.49732971191406 370
1771074736558 229.6578369140625 371
1771074736707 230.35000610351562 372
1771074736860 228.15992736816406 373
1771074737012 259.3568420410156 374
1771074737166 230.17645263671875 375
1771074737319 259.93304443359375 376
1771074737474 246.5126495361328 377
1771074737638 221.75680541992188 378
1771074737808 199.93592834472656 379
1771074737968 283.8038635253906 380
1771074738140 229.21694946289062 381
1771074738297 291.8006896972656 382
1771074738453 209.94740295410156 383
1771074738611 273.29119873046875 384
1771074738775 227.28720092773438 385
1771074738926 233.99107360839844 386
1771074739088 220.65858459472656 387
1771074739311 199.80125427246094 388
1771074739462 229.24554443359375 389
1771074739628 225.7921142578125 390
1771074739791 212.2873077392578 391
1771074739947 217.29759216308594 392
1771074740109 232.33316040039062 393
1771074740270 208.86119079589844 394
1771074740382 192.36135864257812 395
1771074740738 190.46568298339844 396
1771074740897 243.39207458496094 397
1771074741048 213.1502227783203 398
1771074741204 212.13768005371094 399
1771074741363 242.0721435546875 400
1771074741515 247.01235961914062 401
1771074741667 218.13047790527344 402
1771074741829 259.09747314453125 403
1771074741988 260.1014099121094 404
1771074742139 214.42002868652344 405
1771074742294 249.59251403808594 406
1771074742453 202.7107696533203 407
1771074742610 192.90640258789062 408
1771074742772 223.6256866455078 409
1771074742925 211.7384033203125 410
1771074743087 235.0646514892578 411
1771074743243 232.60748291015625 412
1771074743392 222.5727081298828 413
1771074743555 208.74766540527344 414
1771074743716 182.21661376953125 415
1771074743882 290.92193603515625 416
1771074744052 229.5484619140625 417
1771074744262 198.71109008789062 418
1771074744415 254.56446838378906 419
1771074744571 197.6905059814453 420
1771074744735 228.17404174804688 421
1771074744883 218.6666717529297 422
1771074745039 195.50144958496094 423
1771074745196 200.97740173339844 424
1771074745361 243.9332733154297 425
1771074745520 219.5614471435547 426
1771074745691 201.53466796875 427
1771074745857 210.05894470214844 428
1771074746013 210.669921875 429
1771074746163 221.8468017578125 430
1771074746273 179.08370971679688 431
1771074746587 244.4154510498047 432
1771074746744 221.3153076171875 433
1771074746902 211.0248565673828 434
1771074747058 187.12782287597656 435
1771074747212 204.96031188964844 436
1771074747374 229.25149536132812 437
1771074747533 190.73948669433594 438
1771074747691 198.928955078125 439
1771074747853 214.82765197753906 440
1771074748020 214.1469268798828 441
1771074748178 235.77003479003906 442
1771074748331 209.02186584472656 443
1771074748478 211.7450714111328 444
1771074748634 238.48306274414062 445
1771074748800 231.80752563476562 446
1771074748960 224.01853942871094 447
1771074749151 211.03089904785156 448
1771074749362 203.64566040039062 449
1771074749523 212.94078063964844 450
1771074749676 255.39132690429688 451
1771074749839 218.42530822753906 452
1771074750001 232.08767700195312 453
1771074750158 220.55020141601562 454
1771074750321 197.10617065429688 455
1771074750507 227.7388458251953 456
1771074750762 187.36058044433594 457
1771074750934 199.0476837158203 458
1771074751098 194.91307067871094 459
1771074751245 245.68246459960938 460
1771074751407 203.5641326904297 461
1771074751562 250.9173583984375 462
1771074751715 214.8063201904297 463
1771074751873 224.2484130859375 464
1771074752030 191.9539031982422 465
1771074752190 196.6892547607422 466
1771074752304 199.9138946533203 467
1771074752654 212.34100341796875 468
1771074752898 216.6989288330078 469
1771074753059 229.16014099121094 470
1771074753208 193.8140869140625 471
1771074753366 198.1709747314453 472
1771074753520 209.66363525390625 473
1771074753685 215.53514099121094 474
1771074753853 212.1555938720703 475
1771074754025 186.39056396484375 476
1771074754243 187.67823791503906 477
1771074754407 212.6754150390625 478
1771074754569 188.2698974609375 479
1771074754729 220.76461791992188 480
1771074754886 193.8447265625 481
1771074755047 217.10890197753906 482
1771074755211 234.51531982421875 483
1771074755371 217.0048828125 484
1771074755528 200.84317016601562 485
1771074755685 232.75387573242188 486
1771074755841 182.05149841308594 487
1771074755995 200.11312866210938 488
1771074756158 209.50083923339844 489
1771074756310 195.8780975341797 490
1771074756465 211.99147033691406 491
1771074756648 191.0176544189453 492
1771074756820 223.79244995117188 493
1771074756984 203.49838256835938 494
1771074757149 196.03189086914062 495
1771074757300 205.11016845703125 496
1771074757456 176.8600616455078 497
1771074757605 204.6949005126953 498
1771074757762 208.1941680908203 499
1771074757926 233.9589385986328 500
1771074758074 225.47555541992188 501
1771074758222 175.80418395996094 502
1771074758335 163.3649139404297 503
1771074758646 194.57977294921875 504
1771074758802 211.65835571289062 505
1771074758959 189.14796447753906 506
1771074759142 191.06321716308594 507
1771074759323 221.69482421875 508
1771074759472 204.2289581298828 509
1771074759622 207.03152465820312 510
1771074759786 206.13916015625 511
1771074759935 208.58258056640625 512
1771074760102 203.39859008789062 513
1771074760260 213.764892578125 514
1771074760434 217.1340789794922 515
1771074760596 204.01174926757812 516
1771074760758 200.5980987548828 517
1771074760926 226.71409606933594 518
1771074761085 217.7992401123047 519
1771074761236 213.44508361816406 520
1771074761390 215.54409790039062 521
1771074761545 181.74900817871094 522
1771074761707 204.59030151367188 523
1771074761866 192.86788940429688 524
1771074762020 196.60366821289062 525
1771074762181 204.50570678710938 526
1771074762346 174.62677001953125 527
1771074762509 220.13600158691406 528
1771074762670 222.69253540039062 529
1771074762829 184.73269653320312 530
1771074762988 205.05484008789062 531
1771074763148 193.49317932128906 532
1771074763309 204.32861328125 533
1771074763470 192.89222717285156 534
1771074763666 199.2252655029297 535
1771074763823 194.93214416503906 536
1771074763999 172.88699340820312 537
1771074764223 252.35812377929688 538
1771074764345 160.596923828125 539
1771074764671 185.4079132080078 540
1771074764830 181.90869140625 541
1771074764989 220.7526092529297 542
1771074765163 179.47695922851562 543
1771074765326 218.7300262451172 544
1771074765494 189.05404663085938 545
1771074765677 181.89410400390625 546
1771074765833 218.86500549316406 547
1771074765989 184.4333953857422 548
1771074766146 225.5973663330078 549
1771074766298 234.3633270263672 550
1771074766461 206.3130340576172 551
1771074766615 192.12289428710938 552
1771074766816 198.12789916992188 553
1771074767002 198.85879516601562 554
1771074767155 249.75509643554688 555
1771074767305 205.7283172607422 556
1771074767454 175.07777404785156 557
1771074767615 210.03614807128906 558
1771074767772 175.04043579101562 559
1771074767931 199.8292236328125 560
1771074768086 187.71156311035156 561
1771074768248 203.22056579589844 562
1771074768404 194.96546936035156 563
1771074768557 193.20950317382812 564
1771074768720 182.08474731445312 565
1771074768881 207.99615478515625 566
1771074769036 181.64332580566406 567
1771074769253 189.09109497070312 568
1771074769407 202.65553283691406 569
1771074769560 195.9524383544922 570
1771074769718 212.1295928955078 571
1771074769876 197.97805786132812 572
1771074770072 166.9959716796875 573
1771074770322 198.0154571533203 574
1771074770439 278.92523193359375 575
1771074770822 181.6228790283203 576
1771074771012 225.7451629638672 577
1771074771177 199.27723693847656 578
1771074771338 212.7398223876953 579
1771074771500 201.25650024414062 580
1771074771661 230.05540466308594 581
1771074771826 188.36318969726562 582
1771074771983 193.22991943359375 583
1771074772147 197.912109375 584
1771074772303 198.06422424316406 585
1771074772466 184.22207641601562 586
1771074772631 205.75729370117188 587
1771074772796 182.78294372558594 588
1771074772958 219.88995361328125 589
1771074773127 161.62355041503906 590
1771074773281 192.0169677734375 591
1771074773442 190.9586181640625 592
1771074773593 186.3135223388672 593
1771074773753 196.04978942871094 594
1771074773918 206.71372985839844 595
1771074774074 199.87399291992188 596
1771074774285 196.1627960205078 597
1771074774454 165.44158935546875 598
1771074774612 203.69580078125 599
1771074774777 212.33180236816406 600
1771074774955 206.9041748046875 601
1771074775125 194.74623107910156 602
1771074775294 170.62753295898438 603
1771074775454 179.23643493652344 604
1771074775611 184.7901153564453 605
1771074775787 199.37754821777344 606
1771074775952 201.46536254882812 607
1771074776112 170.0344696044922 608
1771074776276 189.929443359375 609
1771074776443 174.24766540527344 610
1771074776562 186.3602294921875 611
1771074776890 170.4564666748047 612
1771074777047 175.8528594970703 613
1771074777214 189.71871948242188 614
1771074777376 195.31956481933594 615
1771074777532 195.76609802246094 616
1771074777707 210.6603546142578 617
1771074777866 197.63450622558594 618
1771074778036 174.786376953125 619
1771074778199 172.6925048828125 620
1771074778361 180.2254638671875 621
1771074778526 201.9169464111328 622
1771074778691 184.2391815185547 623
1771074778853 193.177001953125 624
1771074779020 197.31153869628906 625
1771074779241 198.78880310058594 626
1771074779404 203.59811401367188 627
1771074779568 223.36781311035156 628
1771074779735 202.64541625976562 629
1771074779893 175.98123168945312 630
1771074780064 179.61691284179688 631
1771074780232 198.89279174804688 632
1771074780393 187.87158203125 633
1771074780560 171.60891723632812 634
1771074780742 175.9812774658203 635
1771074780896 157.72320556640625 636
1771074781064 170.96653747558594 637
1771074781235 160.1533660888672 638
1771074781392 188.00497436523438 639
1771074781557 180.45236206054688 640
1771074781724 189.56617736816406 641
1771074781874 188.36721801757812 642
1771074782034 183.609130859375 643
1771074782204 162.18601989746094 644
1771074782367 183.22378540039062 645
1771074782534 184.5167694091797 646
1771074782653 153.48468017578125 647
1771074783001 204.6534881591797 648
1771074783167 198.4864959716797 649
1771074783322 170.58360290527344 650
1771074783486 199.0188446044922 651
1771074783642 167.90408325195312 652
1771074783807 197.14039611816406 653
1771074783984 200.91395568847656 654
1771074784196 183.22457885742188 655
1771074784362 153.21302795410156 656
1771074784534 198.53575134277344 657
1771074784700 195.89247131347656 658
1771074784859 185.7331085205078 659
1771074785022 166.4181365966797 660
1771074785191 172.8187713623047 661
1771074785361 162.9254608154297 662
1771074785527 172.30087280273438 663
1771074785700 173.29017639160156 664
1771074785866 191.2901611328125 665
1771074786037 177.9376220703125 666
1771074786203 181.1746826171875 667
1771074786390 177.32614135742188 668
1771074786568 169.45822143554688 669
1771074786755 205.62208557128906 670
1771074786919 182.26861572265625 671
1771074787091 231.6837158203125 672
1771074787254 172.27926635742188 673
1771074787411 159.82119750976562 674
1771074787604 191.544677734375 675
1771074787869 190.62503051757812 676
1771074788031 170.55540466308594 677
1771074788202 175.27830505371094 678
1771074788369 177.34426879882812 679
1771074788545 172.025390625 680
1771074788706 196.81243896484375 681
1771074788872 165.96031188964844 682
1771074788994 181.32687377929688 683
