1771074680480 503.1655578613281 35
1771074686354 453.7496032714844 71
1771074693012 406.82080078125 107
1771074698890 378.0418701171875 143
1771074704898 352.280517578125 179
1771074710712 334.94268798828125 215
1771074716677 315.2431335449219 251
1771074722669 302.35369873046875 287
1771074728563 279.9919128417969 323
1771074734562 258.35009765625 359
1771074740532 237.50982666015625 395
1771074746429 222.2109832763672 431
1771074752459 215.80577087402344 467
1771074758486 206.1906280517578 503
1771074764499 203.92691040039062 539
1771074770597 198.78700256347656 575
1771074776725 194.34886169433594 611
1771074782822 185.7667236328125 647
1771074789187 182.62452697753906 683
