1771072577251 0.0 0
1771072577355 0.0 1
1771072577457 0.0 2
1771072577606 0.0 3
1771072577717 0.0 4
1771072577836 0.0 5
1771072577984 0.0 6
1771072578110 0.0 7
1771072578211 0.0 8
1771072578312 0.0 9
1771072578412 0.0 10
1771072578516 0.0 11
1771072578617 0.0 12
1771072578721 0.0 13
1771072578822 0.0 14
1771072578925 0.0 15
1771072579025 0.0 16
1771072579125 0.0 17
1771072579228 0.0 18
1771072579333 0.0 19
1771072579439 0.0 20
1771072579541 0.0 21
1771072579648 0.0 22
1771072579758 0.0 23
1771072579862 0.0 24
1771072579964 0.0 25
1771072580075 0.0 26
1771072580180 0.0 27
1771072580286 0.0 28
1771072580384 0.0 29
1771072580485 0.0 30
1771072580608 0.0 31
1771072580809 0.0 32
1771072580913 0.0 33
1771072581024 0.0 34
1771072581105 0.0 35
1771072581204 0.0 35
1771072581401 0.0 35
1771072581532 1.0 36
1771072581643 1.0 37
1771072581749 1.0 38
1771072581853 1.0 39
1771072581959 1.0 40
1771072582061 1.0 41
1771072582165 1.0 42
1771072582309 1.0 43
1771072582414 1.0 44
1771072582516 1.0 45
1771072582624 1.0 46
1771072582730 1.0 47
1771072582838 1.0 48
1771072582942 1.0 49
1771072583050 1.0 50
1771072583159 1.0 51
1771072583265 1.0 52
1771072583370 1.0 53
1771072583474 1.0 54
1771072583585 1.0 55
1771072583695 1.0 56
1771072583805 1.0 57
1771072583909 1.0 58
1771072584015 1.0 59
1771072584127 1.0 60
1771072584232 1.0 61
1771072584340 1.0 62
1771072584449 1.0 63
1771072584559 1.0 64
1771072584662 1.0 65
1771072584768 1.0 66
1771072584875 1.0 67
1771072584979 1.0 68
1771072585081 1.0 69
1771072585182 1.0 70
1771072585263 1.0 71
1771072585355 1.0 71
1771072585546 1.0 71
1771072585654 2.0 72
1771072585762 2.0 73
1771072585866 2.0 74
1771072585970 2.0 75
1771072586077 2.0 76
1771072586192 2.0 77
1771072586305 2.0 78
1771072586412 2.0 79
1771072586542 2.0 80
1771072586649 2.0 81
1771072586755 2.0 82
1771072586857 2.0 83
1771072586956 2.0 84
1771072587058 2.0 85
1771072587166 2.0 86
1771072587268 2.0 87
1771072587365 2.0 88
1771072587468 2.0 89
1771072587570 2.0 90
1771072587678 2.0 91
1771072587786 2.0 92
1771072587885 2.0 93
1771072587986 2.0 94
1771072588091 2.0 95
1771072588197 2.0 96
1771072588303 2.0 97
1771072588405 2.0 98
1771072588510 2.0 99
1771072588615 2.0 100
1771072588721 2.0 101
1771072588829 2.0 102
1771072588931 2.0 103
1771072589034 2.0 104
1771072589145 2.0 105
1771072589253 2.0 106
1771072589331 2.0 107
1771072589426 2.0 107
1771072589594 2.0 107
1771072589697 3.0 108
1771072589801 3.0 109
1771072589903 3.0 110
1771072590046 3.0 111
1771072590156 3.0 112
1771072590298 3.0 113
1771072590437 3.0 114
1771072590570 3.0 115
1771072590707 3.0 116
1771072590835 3.0 117
1771072590939 3.0 118
1771072591050 3.0 119
1771072591156 3.0 120
1771072591279 3.0 121
1771072591391 3.0 122
1771072591521 3.0 123
1771072591634 3.0 124
1771072591741 3.0 125
1771072591846 3.0 126
1771072591953 3.0 127
1771072592099 3.0 128
1771072592214 3.0 129
1771072592328 3.0 130
1771072592429 3.0 131
1771072592535 3.0 132
1771072592643 3.0 133
1771072592743 3.0 134
1771072592854 3.0 135
1771072592961 3.0 136
1771072593071 3.0 137
1771072593177 3.0 138
1771072593283 3.0 139
1771072593390 3.0 140
1771072593490 3.0 141
1771072593597 3.0 142
1771072593682 3.0 143
1771072593779 3.0 143
1771072593954 3.0 143
1771072594061 4.0 144
1771072594169 4.0 145
1771072594273 4.0 146
1771072594376 4.0 147
1771072594478 4.0 148
1771072594581 4.0 149
1771072594684 4.0 150
1771072594791 4.0 151
1771072594898 4.0 152
1771072595005 4.0 153
1771072595110 4.0 154
1771072595213 4.0 155
1771072595319 4.0 156
1771072595424 4.0 157
1771072595531 4.0 158
1771072595645 4.0 159
1771072595750 4.0 160
1771072595855 4.0 161
1771072595961 4.0 162
1771072596075 4.0 163
1771072596187 4.0 164
1771072596300 4.0 165
1771072596404 4.0 166
1771072596531 4.0 167
1771072596642 4.0 168
1771072596752 4.0 169
1771072596858 4.0 170
1771072596963 4.0 171
1771072597066 4.0 172
1771072597168 4.0 173
1771072597270 4.0 174
1771072597378 4.0 175
1771072597485 4.0 176
1771072597591 4.0 177
1771072597699 4.0 178
1771072597778 4.0 179
1771072597871 4.0 179
1771072597878 4.0 179
1771072597988 5.0 180
1771072598093 5.0 181
1771072598198 5.0 182
1771072598300 5.0 183
1771072598403 5.0 184
1771072598511 5.0 185
1771072598618 5.0 186
1771072598727 5.0 187
1771072598832 5.0 188
1771072598936 5.0 189
1771072599039 5.0 190
1771072599149 5.0 191
1771072599259 5.0 192
1771072599368 5.0 193
1771072599473 5.0 194
1771072599581 5.0 195
1771072599695 5.0 196
1771072599821 5.0 197
1771072599966 5.0 198
1771072600078 5.0 199
1771072600191 5.0 200
1771072600330 5.0 201
1771072600474 5.0 202
1771072600634 5.0 203
1771072600782 5.0 204
1771072600936 5.0 205
1771072601049 5.0 206
1771072601164 5.0 207
1771072601290 5.0 208
1771072601404 5.0 209
1771072601526 5.0 210
1771072601637 5.0 211
1771072601746 5.0 212
1771072601857 5.0 213
1771072601962 5.0 214
1771072602043 5.0 215
1771072602140 5.0 215
1771072602145 5.0 215
1771072602257 6.0 216
1771072602372 6.0 217
1771072602477 6.0 218
1771072602584 6.0 219
1771072602693 6.0 220
1771072602808 6.0 221
1771072602913 6.0 222
1771072603023 6.0 223
1771072603131 6.0 224
1771072603240 6.0 225
1771072603348 6.0 226
1771072603455 6.0 227
1771072603562 6.0 228
1771072603669 6.0 229
1771072603813 6.0 230
1771072603925 6.0 231
1771072604033 6.0 232
1771072604137 6.0 233
1771072604244 6.0 234
1771072604355 6.0 235
1771072604462 6.0 236
1771072604574 6.0 237
1771072604682 6.0 238
1771072604797 6.0 239
1771072604904 6.0 240
1771072605008 6.0 241
1771072605120 6.0 242
1771072605220 6.0 243
1771072605328 6.0 244
1771072605431 6.0 245
1771072605538 6.0 246
1771072605647 6.0 247
1771072605759 6.0 248
1771072605873 6.0 249
1771072605978 6.0 250
1771072606062 6.0 251
1771072606169 6.0 251
1771072606175 6.0 251
1771072606298 7.0 252
1771072606418 7.0 253
1771072606544 7.0 254
1771072606663 7.0 255
1771072606777 7.0 256
1771072606889 7.0 257
1771072607005 7.0 258
1771072607132 7.0 259
1771072607246 7.0 260
1771072607364 7.0 261
1771072607476 7.0 262
1771072607603 7.0 263
1771072607728 7.0 264
1771072607846 7.0 265
1771072607980 7.0 266
1771072608159 7.0 267
1771072608265 7.0 268
1771072608372 7.0 269
1771072608478 7.0 270
1771072608583 7.0 271
1771072608692 7.0 272
1771072608798 7.0 273
1771072608906 7.0 274
1771072609009 7.0 275
1771072609119 7.0 276
1771072609217 7.0 277
1771072609328 7.0 278
1771072609433 7.0 279
1771072609539 7.0 280
1771072609646 7.0 281
1771072609751 7.0 282
1771072609852 7.0 283
1771072609956 7.0 284
1771072610059 7.0 285
1771072610166 7.0 286
1771072610251 7.0 287
1771072610344 7.0 287
1771072610350 7.0 287
1771072610457 8.0 288
1771072610567 8.0 289
1771072610669 8.0 290
1771072610787 8.0 291
1771072610904 8.0 292
1771072611009 8.0 293
1771072611145 8.0 294
1771072611266 8.0 295
1771072611417 8.0 296
1771072611623 8.0 297
1771072611769 8.0 298
1771072611888 8.0 299
1771072611993 8.0 300
1771072612102 8.0 301
1771072612208 8.0 302
1771072612314 8.0 303
1771072612415 8.0 304
1771072612515 8.0 305
1771072612628 8.0 306
1771072612729 8.0 307
1771072612835 8.0 308
1771072612948 8.0 309
1771072613058 8.0 310
1771072613164 8.0 311
1771072613270 8.0 312
1771072613387 8.0 313
1771072613493 8.0 314
1771072613601 8.0 315
1771072613706 8.0 316
1771072613812 8.0 317
1771072613919 8.0 318
1771072614029 8.0 319
1771072614132 8.0 320
1771072614246 8.0 321
1771072614355 8.0 322
1771072614436 8.0 323
1771072614533 8.0 323
1771072614538 8.0 323
1771072614647 9.0 324
1771072614753 9.0 325
1771072614860 9.0 326
1771072614970 9.0 327
1771072615073 9.0 328
1771072615228 9.0 329
1771072615355 9.0 330
1771072615478 9.0 331
1771072615587 9.0 332
1771072615699 9.0 333
1771072615806 9.0 334
1771072615915 9.0 335
1771072616029 9.0 336
1771072616147 9.0 337
1771072616265 9.0 338
1771072616393 9.0 339
1771072616520 9.0 340
1771072616637 9.0 341
1771072616749 9.0 342
1771072616887 9.0 343
1771072616998 9.0 344
1771072617109 9.0 345
1771072617219 9.0 346
1771072617333 9.0 347
1771072617440 9.0 348
1771072617554 9.0 349
1771072617678 9.0 350
1771072617804 9.0 351
1771072617970 9.0 352
1771072618081 9.0 353
1771072618189 9.0 354
1771072618298 9.0 355
1771072618415 9.0 356
1771072618519 9.0 357
1771072618655 9.0 358
1771072618753 9.0 359
1771072618858 9.0 359
1771072618865 9.0 359
1771072618974 10.0 360
1771072619085 10.0 361
1771072619192 10.0 362
1771072619305 10.0 363
1771072619418 10.0 364
1771072619524 10.0 365
1771072619666 10.0 366
1771072619802 10.0 367
1771072619915 10.0 368
1771072620029 10.0 369
1771072620139 10.0 370
1771072620247 10.0 371
1771072620361 10.0 372
1771072620468 10.0 373
1771072620579 10.0 374
1771072620694 10.0 375
1771072620814 10.0 376
1771072620981 10.0 377
1771072621106 10.0 378
1771072621216 10.0 379
1771072621353 10.0 380
1771072621467 10.0 381
1771072621606 10.0 382
1771072621720 10.0 383
1771072621843 10.0 384
1771072621954 10.0 385
1771072622061 10.0 386
1771072622168 10.0 387
1771072622276 10.0 388
1771072622388 10.0 389
1771072622500 10.0 390
1771072622619 10.0 391
1771072622753 10.0 392
1771072622922 10.0 393
1771072623039 10.0 394
1771072623117 10.0 395
1771072623218 10.0 395
1771072623223 10.0 395
1771072623334 11.0 396
1771072623441 11.0 397
1771072623550 11.0 398
1771072623676 11.0 399
1771072623796 11.0 400
1771072623951 11.0 401
1771072624115 11.0 402
1771072624261 11.0 403
1771072624402 11.0 404
1771072624518 11.0 405
1771072624637 11.0 406
1771072624756 11.0 407
1771072624870 11.0 408
1771072624985 11.0 409
1771072625103 11.0 410
1771072625217 11.0 411
1771072625330 11.0 412
1771072625440 11.0 413
1771072625653 11.0 414
1771072625783 11.0 415
1771072625901 11.0 416
1771072626011 11.0 417
1771072626127 11.0 418
1771072626247 11.0 419
1771072626366 11.0 420
1771072626486 11.0 421
1771072626629 11.0 422
1771072626740 11.0 423
1771072626862 11.0 424
1771072626977 11.0 425
1771072627086 11.0 426
1771072627205 11.0 427
1771072627316 11.0 428
1771072627428 11.0 429
1771072627540 11.0 430
1771072627630 11.0 431
1771072627736 11.0 431
1771072627742 11.0 431
1771072627855 12.0 432
1771072627965 12.0 433
1771072628090 12.0 434
1771072628208 12.0 435
1771072628465 12.0 436
1771072628576 12.0 437
1771072628694 12.0 438
1771072628804 12.0 439
1771072628939 12.0 440
1771072629108 12.0 441
1771072629215 12.0 442
1771072629325 12.0 443
1771072629431 12.0 444
1771072629538 12.0 445
1771072629660 12.0 446
1771072629775 12.0 447
1771072629883 12.0 448
1771072629986 12.0 449
1771072630095 12.0 450
1771072630203 12.0 451
1771072630316 12.0 452
1771072630423 12.0 453
1771072630529 12.0 454
1771072630644 12.0 455
1771072630755 12.0 456
1771072630880 12.0 457
1771072630991 12.0 458
1771072631110 12.0 459
1771072631234 12.0 460
1771072631350 12.0 461
1771072631468 12.0 462
1771072631610 12.0 463
1771072631730 12.0 464
1771072631845 12.0 465
1771072631963 12.0 466
1771072632049 12.0 467
1771072632185 12.0 467
1771072632194 12.0 467
1771072632328 13.0 468
1771072632445 13.0 469
1771072632557 13.0 470
1771072632670 13.0 471
1771072632784 13.0 472
1771072632896 13.0 473
1771072633006 13.0 474
1771072633121 13.0 475
1771072633233 13.0 476
1771072633345 13.0 477
1771072633461 13.0 478
1771072633585 13.0 479
1771072633700 13.0 480
1771072633811 13.0 481
1771072633923 13.0 482
1771072634033 13.0 483
1771072634151 13.0 484
1771072634263 13.0 485
1771072634381 13.0 486
1771072634495 13.0 487
1771072634648 13.0 488
1771072634826 13.0 489
1771072634976 13.0 490
1771072635105 13.0 491
1771072635232 13.0 492
1771072635346 13.0 493
1771072635460 13.0 494
1771072635572 13.0 495
1771072635686 13.0 496
1771072635798 13.0 497
1771072635914 13.0 498
1771072636031 13.0 499
1771072636149 13.0 500
1771072636272 13.0 501
1771072636404 13.0 502
1771072636504 13.0 503
1771072636612 13.0 503
1771072636619 13.0 503
1771072636743 14.0 504
1771072636865 14.0 505
1771072636978 14.0 506
1771072637094 14.0 507
1771072637211 14.0 508
1771072637324 14.0 509
1771072637444 14.0 510
1771072637562 14.0 511
1771072637682 14.0 512
1771072637806 14.0 513
1771072637925 14.0 514
1771072638046 14.0 515
1771072638162 14.0 516
1771072638276 14.0 517
1771072638393 14.0 518
1771072638514 14.0 519
1771072638629 14.0 520
1771072638745 14.0 521
1771072638856 14.0 522
1771072638971 14.0 523
1771072639093 14.0 524
1771072639207 14.0 525
1771072639320 14.0 526
1771072639429 14.0 527
1771072639535 14.0 528
1771072639648 14.0 529
1771072639763 14.0 530
1771072639876 14.0 531
1771072639988 14.0 532
1771072640101 14.0 533
1771072640214 14.0 534
1771072640327 14.0 535
1771072640436 14.0 536
1771072640563 14.0 537
1771072640701 14.0 538
1771072640783 14.0 539
1771072640895 14.0 539
1771072640900 14.0 539
1771072641016 15.0 540
1771072641132 15.0 541
1771072641245 15.0 542
1771072641365 15.0 543
1771072641475 15.0 544
1771072641601 15.0 545
1771072641720 15.0 546
1771072641837 15.0 547
1771072641954 15.0 548
1771072642066 15.0 549
1771072642240 15.0 550
1771072642359 15.0 551
1771072642477 15.0 552
1771072642594 15.0 553
1771072642710 15.0 554
1771072642820 15.0 555
1771072642935 15.0 556
1771072643049 15.0 557
1771072643179 15.0 558
1771072643299 15.0 559
1771072643416 15.0 560
1771072643538 15.0 561
1771072643660 15.0 562
1771072643777 15.0 563
1771072643900 15.0 564
1771072644017 15.0 565
1771072644141 15.0 566
1771072644264 15.0 567
1771072644381 15.0 568
1771072644495 15.0 569
1771072644610 15.0 570
1771072644724 15.0 571
1771072644843 15.0 572
1771072644962 15.0 573
1771072645072 15.0 574
1771072645180 15.0 575
1771072645285 15.0 575
1771072645293 15.0 575
1771072645420 16.0 576
1771072645553 16.0 577
1771072645682 16.0 578
1771072645798 16.0 579
1771072645915 16.0 580
1771072646033 16.0 581
1771072646166 16.0 582
1771072646285 16.0 583
1771072646416 16.0 584
1771072646557 16.0 585
1771072646691 16.0 586
1771072646809 16.0 587
1771072646923 16.0 588
1771072647039 16.0 589
1771072647164 16.0 590
1771072647330 16.0 591
1771072647489 16.0 592
1771072647656 16.0 593
1771072647826 16.0 594
1771072647947 16.0 595
1771072648059 16.0 596
1771072648173 16.0 597
1771072648288 16.0 598
1771072648402 16.0 599
1771072648522 16.0 600
1771072648634 16.0 601
1771072648748 16.0 602
1771072648862 16.0 603
1771072648979 16.0 604
1771072649094 16.0 605
1771072649211 16.0 606
1771072649325 16.0 607
1771072649440 16.0 608
1771072649557 16.0 609
1771072649680 16.0 610
1771072649774 16.0 611
1771072649875 16.0 611
1771072649882 16.0 611
1771072649997 17.0 612
1771072650114 17.0 613
1771072650227 17.0 614
1771072650341 17.0 615
1771072650456 17.0 616
1771072650570 17.0 617
1771072650687 17.0 618
1771072650804 17.0 619
1771072650918 17.0 620
1771072651033 17.0 621
1771072651196 17.0 622
1771072651339 17.0 623
1771072651462 17.0 624
1771072651600 17.0 625
1771072651726 17.0 626
1771072651844 17.0 627
1771072651963 17.0 628
1771072652075 17.0 629
1771072652194 17.0 630
1771072652306 17.0 631
1771072652423 17.0 632
1771072652533 17.0 633
1771072652652 17.0 634
1771072652795 17.0 635
1771072652924 17.0 636
1771072653036 17.0 637
1771072653163 17.0 638
1771072653278 17.0 639
1771072653393 17.0 640
1771072653512 17.0 641
1771072653643 17.0 642
1771072653761 17.0 643
1771072653937 17.0 644
1771072654054 17.0 645
1771072654175 17.0 646
1771072654263 17.0 647
1771072654371 17.0 647
1771072654376 17.0 647
1771072654491 18.0 648
1771072654607 18.0 649
1771072654728 18.0 650
1771072654848 18.0 651
1771072654964 18.0 652
1771072655079 18.0 653
1771072655200 18.0 654
1771072655318 18.0 655
1771072655444 18.0 656
1771072655566 18.0 657
1771072655690 18.0 658
1771072655812 18.0 659
1771072655936 18.0 660
1771072656058 18.0 661
1771072656193 18.0 662
1771072656320 18.0 663
1771072656456 18.0 664
1771072656600 18.0 665
1771072656737 18.0 666
1771072656856 18.0 667
1771072656975 18.0 668
1771072657099 18.0 669
1771072657216 18.0 670
1771072657328 18.0 671
1771072657446 18.0 672
1771072657564 18.0 673
1771072657688 18.0 674
1771072657808 18.0 675
1771072657934 18.0 676
1771072658048 18.0 677
1771072658169 18.0 678
1771072658287 18.0 679
1771072658413 18.0 680
1771072658534 18.0 681
1771072658657 18.0 682
1771072658753 18.0 683
1771072658858 18.0 683
1771072658864 18.0 683
