1771072577251 697.4457397460938 0
1771072577355 563.6115112304688 1
1771072577457 586.5052490234375 2
1771072577606 568.137451171875 3
1771072577717 568.0615844726562 4
1771072577836 514.1038818359375 5
1771072577984 464.1706237792969 6
1771072578110 546.5703735351562 7
1771072578211 479.30303955078125 8
1771072578312 551.66650390625 9
1771072578412 473.0219421386719 10
1771072578516 442.7151794433594 11
1771072578617 511.055419921875 12
1771072578721 464.8802795410156 13
1771072578822 464.95477294921875 14
1771072578925 537.7437744140625 15
1771072579025 429.0630187988281 16
1771072579125 451.26702880859375 17
1771072579228 523.7465209960938 18
1771072579333 477.9553527832031 19
1771072579439 496.7967529296875 20
1771072579541 446.39801025390625 21
1771072579648 480.1980285644531 22
1771072579758 508.9168395996094 23
1771072579862 481.8457946777344 24
1771072579964 427.8489685058594 25
1771072580075 570.860107421875 26
1771072580180 470.31744384765625 27
1771072580286 467.09356689453125 28
1771072580384 486.0617370605469 29
1771072580485 508.70098876953125 30
1771072580608 479.5190124511719 31
1771072580809 480.3094177246094 32
1771072580913 512.6248168945312 33
1771072581024 486.234619140625 34
1771072581105 446.1318359375 35
1771072581532 480.361572265625 36
1771072581643 487.2991638183594 37
1771072581749 435.2864685058594 38
1771072581853 456.3565979003906 39
1771072581959 482.8539123535156 40
1771072582061 458.1886901855469 41
1771072582165 465.311279296875 42
1771072582309 535.1034545898438 43
1771072582414 463.6627197265625 44
1771072582516 414.6013488769531 45
1771072582624 393.25640869140625 46
1771072582730 486.1180419921875 47
1771072582838 420.2107238769531 48
1771072582942 420.923583984375 49
1771072583050 390.1941833496094 50
1771072583159 444.71954345703125 51
1771072583265 483.3475036621094 52
1771072583370 555.8786010742188 53
1771072583474 440.7646484375 54
1771072583585 463.8998107910156 55
1771072583695 442.5914306640625 56
1771072583805 464.7501525878906 57
1771072583909 436.6778259277344 58
1771072584015 426.0689697265625 59
1771072584127 452.3175048828125 60
1771072584232 525.7427978515625 61
1771072584340 416.39801025390625 62
1771072584449 401.2784729003906 63
1771072584559 437.1371765136719 64
1771072584662 472.31463623046875 65
1771072584768 404.239990234375 66
1771072584875 461.3345947265625 67
1771072584979 482.6085510253906 68
1771072585081 452.86846923828125 69
1771072585182 438.5972595214844 70
1771072585263 376.7716369628906 71
1771072585654 441.5431823730469 72
1771072585762 385.71832275390625 73
1771072585866 385.30078125 74
1771072585970 372.28326416015625 75
1771072586077 449.6748962402344 76
1771072586192 432.7799987792969 77
1771072586305 411.8126220703125 78
1771072586412 379.1202392578125 79
1771072586542 395.8524169921875 80
1771072586649 393.93524169921875 81
1771072586755 388.7519226074219 82
1771072586857 418.3945007324219 83
1771072586956 476.0918884277344 84
1771072587058 442.19970703125 85
1771072587166 366.86773681640625 86
1771072587268 426.9219970703125 87
1771072587365 419.9420166015625 88
1771072587468 486.5902404785156 89
1771072587570 404.78485107421875 90
1771072587678 410.4091491699219 91
1771072587786 438.4581604003906 92
1771072587885 356.3706359863281 93
1771072587986 371.15289306640625 94
1771072588091 375.9714050292969 95
1771072588197 405.55633544921875 96
1771072588303 422.60198974609375 97
1771072588405 400.51422119140625 98
1771072588510 397.4075927734375 99
1771072588615 341.3310241699219 100
1771072588721 385.08087158203125 101
1771072588829 424.9789123535156 102
1771072588931 416.6832275390625 103
1771072589034 436.473876953125 104
1771072589145 393.2629089355469 105
1771072589253 388.29803466796875 106
1771072589331 378.7216491699219 107
1771072589697 406.0182800292969 108
1771072589801 351.7044372558594 109
1771072589903 412.750732421875 110
1771072590046 393.5887756347656 111
1771072590156 385.0519714355469 112
1771072590298 408.39556884765625 113
1771072590437 436.2709655761719 114
1771072590570 368.9233703613281 115
1771072590707 432.3876037597656 116
1771072590835 402.1802062988281 117
1771072590939 418.58514404296875 118
1771072591050 388.0220642089844 119
1771072591156 396.84130859375 120
1771072591279 369.6018371582031 121
1771072591391 369.0753173828125 122
1771072591521 380.0679626464844 123
1771072591634 458.42498779296875 124
1771072591741 345.05072021484375 125
1771072591846 337.9245300292969 126
1771072591953 347.1890563964844 127
1771072592099 376.7292785644531 128
1771072592214 388.2589111328125 129
1771072592328 403.0861511230469 130
1771072592429 423.47015380859375 131
1771072592535 354.7889709472656 132
1771072592643 322.0446472167969 133
1771072592743 374.32891845703125 134
1771072592854 336.9461669921875 135
1771072592961 341.8633728027344 136
1771072593071 322.5736083984375 137
1771072593177 334.85919189453125 138
1771072593283 374.9669494628906 139
1771072593390 336.0574951171875 140
1771072593490 363.3955993652344 141
1771072593597 385.65618896484375 142
1771072593682 401.26397705078125 143
1771072594061 379.1306457519531 144
1771072594169 355.8097229003906 145
1771072594273 413.060791015625 146
1771072594376 386.4104309082031 147
1771072594478 363.56927490234375 148
1771072594581 345.9527893066406 149
1771072594684 370.88287353515625 150
1771072594791 352.23870849609375 151
1771072594898 409.2552795410156 152
1771072595005 350.2998046875 153
1771072595110 334.71075439453125 154
1771072595213 335.3478088378906 155
1771072595319 354.8021240234375 156
1771072595424 331.06744384765625 157
1771072595531 364.2294616699219 158
1771072595645 353.1518249511719 159
1771072595750 363.3235168457031 160
1771072595855 306.449462890625 161
1771072595961 327.2490234375 162
1771072596075 333.7798156738281 163
1771072596187 332.7632141113281 164
1771072596300 357.7532653808594 165
1771072596404 340.8246765136719 166
1771072596531 306.0575866699219 167
1771072596642 346.13092041015625 168
1771072596752 325.6478576660156 169
1771072596858 361.0574951171875 170
1771072596963 304.97601318359375 171
1771072597066 391.63885498046875 172
1771072597168 349.8785400390625 173
1771072597270 330.7303771972656 174
1771072597378 342.0263977050781 175
1771072597485 340.72381591796875 176
1771072597591 346.8759460449219 177
1771072597699 347.86175537109375 178
1771072597778 454.87603759765625 179
1771072597988 289.87359619140625 180
1771072598093 324.7705078125 181
1771072598198 379.2937927246094 182
1771072598300 323.1293640136719 183
1771072598403 328.28887939453125 184
1771072598511 323.0731201171875 185
1771072598618 282.2265625 186
1771072598727 370.2830810546875 187
1771072598832 345.0035400390625 188
1771072598936 359.51580810546875 189
1771072599039 327.8175964355469 190
1771072599149 309.2516784667969 191
1771072599259 310.54150390625 192
1771072599368 359.84515380859375 193
1771072599473 298.9125671386719 194
1771072599581 335.2108154296875 195
1771072599695 307.8154602050781 196
1771072599821 324.1477966308594 197
1771072599966 339.7694091796875 198
1771072600078 331.9231872558594 199
1771072600191 326.134765625 200
1771072600330 317.4411315917969 201
1771072600474 410.5298767089844 202
1771072600634 337.3740539550781 203
1771072600782 337.33050537109375 204
1771072600936 303.2677307128906 205
1771072601049 381.06939697265625 206
1771072601164 358.4239501953125 207
1771072601290 308.5095520019531 208
1771072601404 344.7611083984375 209
1771072601526 344.1558532714844 210
1771072601637 315.8428955078125 211
1771072601746 352.88360595703125 212
1771072601857 330.3577575683594 213
1771072601962 314.8162536621094 214
1771072602043 313.551513671875 215
1771072602257 333.04461669921875 216
1771072602372 317.3556213378906 217
1771072602477 358.01702880859375 218
1771072602584 324.9149169921875 219
1771072602693 274.9512939453125 220
1771072602808 310.0863037109375 221
1771072602913 301.7921447753906 222
1771072603023 275.48089599609375 223
1771072603131 334.8667907714844 224
1771072603240 325.4192810058594 225
1771072603348 323.31768798828125 226
1771072603455 312.2116394042969 227
1771072603562 303.8142395019531 228
1771072603669 317.90936279296875 229
1771072603813 325.00115966796875 230
1771072603925 327.0370178222656 231
1771072604033 348.053955078125 232
1771072604137 296.59625244140625 233
1771072604244 305.18084716796875 234
1771072604355 306.1573791503906 235
1771072604462 313.6338195800781 236
1771072604574 308.9398498535156 237
1771072604682 292.44171142578125 238
1771072604797 344.3638610839844 239
1771072604904 313.1888732910156 240
1771072605008 344.6376953125 241
1771072605120 310.8208923339844 242
1771072605220 324.70672607421875 243
1771072605328 315.9755554199219 244
1771072605431 304.82562255859375 245
1771072605538 315.351806640625 246
1771072605647 279.6592102050781 247
1771072605759 316.97479248046875 248
1771072605873 325.18408203125 249
1771072605978 280.995361328125 250
1771072606062 423.7531433105469 251
1771072606298 283.2170104980469 252
1771072606418 276.2713623046875 253
1771072606544 245.58619689941406 254
1771072606663 372.12957763671875 255
1771072606777 280.6051025390625 256
1771072606889 314.0970458984375 257
1771072607005 249.82945251464844 258
1771072607132 292.9639587402344 259
1771072607246 288.6598205566406 260
1771072607364 280.1531982421875 261
1771072607476 269.9510803222656 262
1771072607603 308.06658935546875 263
1771072607728 309.7169494628906 264
1771072607846 291.54583740234375 265
1771072607980 284.63958740234375 266
1771072608159 344.82684326171875 267
1771072608265 313.103515625 268
1771072608372 301.5867919921875 269
1771072608478 332.3937683105469 270
1771072608583 283.9109191894531 271
1771072608692 321.4347839355469 272
1771072608798 311.584716796875 273
1771072608906 340.5611877441406 274
1771072609009 307.2759094238281 275
1771072609119 263.1570739746094 276
1771072609217 339.7745056152344 277
1771072609328 273.5182189941406 278
1771072609433 296.4449462890625 279
1771072609539 279.449462890625 280
1771072609646 308.3388671875 281
1771072609751 355.6230773925781 282
1771072609852 264.13299560546875 283
1771072609956 317.9076843261719 284
1771072610059 325.49200439453125 285
1771072610166 264.8172607421875 286
1771072610251 285.9569091796875 287
1771072610457 306.7006530761719 288
1771072610567 292.24725341796875 289
1771072610669 276.1940002441406 290
1771072610787 245.1716766357422 291
1771072610904 308.4045104980469 292
1771072611009 283.0180358886719 293
1771072611145 294.015869140625 294
1771072611266 285.5489196777344 295
1771072611417 331.81268310546875 296
1771072611623 261.7724609375 297
1771072611769 294.3526611328125 298
1771072611888 303.63336181640625 299
1771072611993 250.6150665283203 300
1771072612102 278.0211181640625 301
1771072612208 260.1358642578125 302
1771072612314 271.6849670410156 303
1771072612415 272.3653259277344 304
1771072612515 277.2722473144531 305
1771072612628 235.4226837158203 306
1771072612729 297.82659912109375 307
1771072612835 259.6342468261719 308
1771072612948 248.30157470703125 309
1771072613058 248.2429962158203 310
1771072613164 243.5491485595703 311
1771072613270 252.84646606445312 312
1771072613387 275.4982604980469 313
1771072613493 269.5854187011719 314
1771072613601 258.4562072753906 315
1771072613706 258.81011962890625 316
1771072613812 295.3671875 317
1771072613919 317.2783203125 318
1771072614029 271.3282775878906 319
1771072614132 290.772216796875 320
1771072614246 254.02442932128906 321
1771072614355 242.16542053222656 322
1771072614436 294.8199157714844 323
1771072614647 282.6697692871094 324
1771072614753 243.45059204101562 325
1771072614860 241.11312866210938 326
1771072614970 267.420166015625 327
1771072615073 242.31277465820312 328
1771072615228 251.03109741210938 329
1771072615355 240.7515106201172 330
1771072615478 282.3708190917969 331
1771072615587 264.49713134765625 332
1771072615699 261.2540283203125 333
1771072615806 232.6001739501953 334
1771072615915 226.84701538085938 335
1771072616029 276.1031494140625 336
1771072616147 281.4478759765625 337
1771072616265 293.6506652832031 338
1771072616393 305.3647155761719 339
1771072616520 230.62078857421875 340
1771072616637 264.2288818359375 341
1771072616749 263.73553466796875 342
1771072616887 256.9180603027344 343
1771072616998 262.0615234375 344
1771072617109 274.64874267578125 345
1771072617219 254.8971405029297 346
1771072617333 284.416748046875 347
1771072617440 220.25311279296875 348
1771072617554 269.63555908203125 349
1771072617678 242.1764373779297 350
1771072617804 251.23928833007812 351
1771072617970 269.4459228515625 352
1771072618081 241.35801696777344 353
1771072618189 229.0247039794922 354
1771072618298 261.03680419921875 355
1771072618415 262.2754821777344 356
1771072618519 254.6435546875 357
1771072618655 263.3018798828125 358
1771072618753 290.3860778808594 359
1771072618974 241.81256103515625 360
1771072619085 255.3370819091797 361
1771072619192 247.33602905273438 362
1771072619305 224.521728515625 363
1771072619418 236.7052001953125 364
1771072619524 224.1818084716797 365
1771072619666 229.64659118652344 366
1771072619802 260.0678405761719 367
1771072619915 222.26443481445312 368
1771072620029 230.51353454589844 369
1771072620139 223.30787658691406 370
1771072620247 228.51292419433594 371
1771072620361 226.2519989013672 372
1771072620468 220.0646514892578 373
1771072620579 260.763916015625 374
1771072620694 224.24642944335938 375
1771072620814 263.0882568359375 376
1771072620981 235.07545471191406 377
1771072621106 232.7536163330078 378
1771072621216 198.0427703857422 379
1771072621353 271.26513671875 380
1771072621467 230.14248657226562 381
1771072621606 273.8611145019531 382
1771072621720 200.70884704589844 383
1771072621843 280.71893310546875 384
1771072621954 230.91371154785156 385
1771072622061 235.60003662109375 386
1771072622168 233.38658142089844 387
1771072622276 201.65383911132812 388
1771072622388 232.65028381347656 389
1771072622500 214.89466857910156 390
1771072622619 212.1138458251953 391
1771072622753 221.9469757080078 392
1771072622922 229.70819091796875 393
1771072623039 205.52774047851562 394
1771072623117 209.57249450683594 395
1771072623334 195.2625732421875 396
1771072623441 230.88047790527344 397
1771072623550 211.91415405273438 398
1771072623676 210.1423797607422 399
1771072623796 237.5087127685547 400
1771072623951 243.87539672851562 401
1771072624115 211.98382568359375 402
1771072624261 258.5177001953125 403
1771072624402 264.6932373046875 404
1771072624518 213.7228546142578 405
1771072624637 241.23550415039062 406
1771072624756 200.62953186035156 407
1771072624870 196.34413146972656 408
1771072624985 218.9715118408203 409
1771072625103 206.29542541503906 410
1771072625217 233.7946014404297 411
1771072625330 232.6697540283203 412
1771072625440 231.19989013671875 413
1771072625653 207.1927032470703 414
1771072625783 184.3407745361328 415
1771072625901 291.50872802734375 416
1771072626011 224.90118408203125 417
1771072626127 192.99632263183594 418
1771072626247 239.81748962402344 419
1771072626366 204.7803192138672 420
1771072626486 226.9121551513672 421
1771072626629 215.32452392578125 422
1771072626740 195.0845947265625 423
1771072626862 197.0208282470703 424
1771072626977 244.58644104003906 425
1771072627086 206.44325256347656 426
1771072627205 196.73843383789062 427
1771072627316 213.2972869873047 428
1771072627428 211.8456268310547 429
1771072627540 223.90663146972656 430
1771072627630 191.1005401611328 431
1771072627855 214.3076629638672 432
1771072627965 211.05545043945312 433
1771072628090 211.7781219482422 434
1771072628208 182.62562561035156 435
1771072628465 203.22882080078125 436
1771072628576 222.8795623779297 437
1771072628694 193.84275817871094 438
1771072628804 194.02801513671875 439
1771072628939 205.8740234375 440
1771072629108 203.9264678955078 441
1771072629215 219.26527404785156 442
1771072629325 222.46827697753906 443
1771072629431 211.3916015625 444
1771072629538 226.6839599609375 445
1771072629660 222.93479919433594 446
1771072629775 216.7455291748047 447
1771072629883 205.74484252929688 448
1771072629986 208.3085174560547 449
1771072630095 210.63255310058594 450
1771072630203 250.7654571533203 451
1771072630316 214.12266540527344 452
1771072630423 225.86724853515625 453
1771072630529 219.55453491210938 454
1771072630644 201.8403778076172 455
1771072630755 214.95074462890625 456
1771072630880 185.56419372558594 457
1771072630991 193.50721740722656 458
1771072631110 186.594970703125 459
1771072631234 231.61871337890625 460
1771072631350 199.3291778564453 461
1771072631468 231.3657989501953 462
1771072631610 209.0583038330078 463
1771072631730 226.95936584472656 464
1771072631845 192.23910522460938 465
1771072631963 202.53492736816406 466
1771072632049 188.0548553466797 467
1771072632328 198.34243774414062 468
1771072632445 209.89691162109375 469
1771072632557 232.58290100097656 470
1771072632670 195.79681396484375 471
1771072632784 186.34812927246094 472
1771072632896 209.07965087890625 473
1771072633006 213.96435546875 474
1771072633121 207.0186004638672 475
1771072633233 188.03648376464844 476
1771072633345 194.3529052734375 477
1771072633461 198.9363555908203 478
1771072633585 192.84811401367188 479
1771072633700 224.8089141845703 480
1771072633811 187.19432067871094 481
1771072633923 207.9866485595703 482
1771072634033 215.37388610839844 483
1771072634151 212.20770263671875 484
1771072634263 208.853271484375 485
1771072634381 233.26513671875 486
1771072634495 187.8186798095703 487
1771072634648 202.04429626464844 488
1771072634826 201.90919494628906 489
1771072634976 189.82894897460938 490
1771072635105 213.199951171875 491
1771072635232 200.11441040039062 492
1771072635346 221.06919860839844 493
1771072635460 202.96363830566406 494
1771072635572 202.07601928710938 495
1771072635686 207.04940795898438 496
1771072635798 172.37013244628906 497
1771072635914 196.0373077392578 498
1771072636031 211.1516876220703 499
1771072636149 232.21414184570312 500
1771072636272 205.79275512695312 501
1771072636404 176.11404418945312 502
1771072636504 173.88327026367188 503
1771072636743 182.88037109375 504
1771072636865 190.13088989257812 505
1771072636978 168.7875213623047 506
1771072637094 190.96340942382812 507
1771072637211 219.87599182128906 508
1771072637324 189.87644958496094 509
1771072637444 204.6602783203125 510
1771072637562 197.56532287597656 511
1771072637682 201.41078186035156 512
1771072637806 202.14898681640625 513
1771072637925 207.09783935546875 514
1771072638046 217.61021423339844 515
1771072638162 202.5833282470703 516
1771072638276 202.4976806640625 517
1771072638393 219.13150024414062 518
1771072638514 217.95672607421875 519
1771072638629 200.57894897460938 520
1771072638745 212.6233367919922 521
1771072638856 179.99337768554688 522
1771072638971 197.78204345703125 523
1771072639093 191.46807861328125 524
1771072639207 197.0831756591797 525
1771072639320 199.7869873046875 526
1771072639429 172.86424255371094 527
1771072639535 231.10719299316406 528
1771072639648 208.05859375 529
1771072639763 166.57485961914062 530
1771072639876 199.60638427734375 531
1771072639988 183.20025634765625 532
1771072640101 205.24778747558594 533
1771072640214 192.8511962890625 534
1771072640327 196.6350555419922 535
1771072640436 203.95254516601562 536
1771072640563 167.1998291015625 537
1771072640701 247.9742889404297 538
1771072640783 193.61390686035156 539
1771072641016 180.2816619873047 540
1771072641132 182.75534057617188 541
1771072641245 209.6840057373047 542
1771072641365 177.46864318847656 543
1771072641475 218.65628051757812 544
1771072641601 182.00865173339844 545
1771072641720 179.26669311523438 546
1771072641837 208.62327575683594 547
1771072641954 184.8701934814453 548
1771072642066 213.26739501953125 549
1771072642240 216.0772705078125 550
1771072642359 190.72105407714844 551
1771072642477 182.41802978515625 552
1771072642594 195.61329650878906 553
1771072642710 194.17271423339844 554
1771072642820 245.55250549316406 555
1771072642935 195.760498046875 556
1771072643049 180.9803924560547 557
1771072643179 200.16143798828125 558
1771072643299 172.59336853027344 559
1771072643416 202.9397430419922 560
1771072643538 183.90220642089844 561
1771072643660 198.43252563476562 562
1771072643777 177.79498291015625 563
1771072643900 191.7124786376953 564
1771072644017 165.73097229003906 565
1771072644141 194.57223510742188 566
1771072644264 177.22669982910156 567
1771072644381 183.0781707763672 568
1771072644495 192.83079528808594 569
1771072644610 195.70681762695312 570
1771072644724 197.49871826171875 571
1771072644843 196.72975158691406 572
1771072644962 170.37786865234375 573
1771072645072 200.1562957763672 574
1771072645180 256.8866882324219 575
1771072645420 179.91856384277344 576
1771072645553 231.79693603515625 577
1771072645682 191.4186553955078 578
1771072645798 223.615966796875 579
1771072645915 212.43736267089844 580
1771072646033 217.23635864257812 581
1771072646166 194.61492919921875 582
1771072646285 181.5399932861328 583
1771072646416 189.02780151367188 584
1771072646557 189.28912353515625 585
1771072646691 181.7702178955078 586
1771072646809 210.17242431640625 587
1771072646923 179.70361328125 588
1771072647039 218.2784423828125 589
1771072647164 157.61956787109375 590
1771072647330 195.5418243408203 591
1771072647489 186.22264099121094 592
1771072647656 187.9823760986328 593
1771072647826 189.1770782470703 594
1771072647947 193.12933349609375 595
1771072648059 200.60496520996094 596
1771072648173 182.7211151123047 597
1771072648288 170.66537475585938 598
1771072648402 192.8592071533203 599
1771072648522 201.9532012939453 600
1771072648634 200.45005798339844 601
1771072648748 191.97747802734375 602
1771072648862 179.50930786132812 603
1771072648979 177.50775146484375 604
1771072649094 177.8438262939453 605
1771072649211 188.9331512451172 606
1771072649325 186.42654418945312 607
1771072649440 163.3740234375 608
1771072649557 182.75758361816406 609
1771072649680 166.2816619873047 610
1771072649774 175.5600128173828 611
1771072649997 169.57144165039062 612
1771072650114 178.84507751464844 613
1771072650227 179.4005126953125 614
1771072650341 184.0209503173828 615
1771072650456 187.0089569091797 616
1771072650570 210.42169189453125 617
1771072650687 210.7391815185547 618
1771072650804 165.3927764892578 619
1771072650918 171.43421936035156 620
1771072651033 175.9346466064453 621
1771072651196 201.22007751464844 622
1771072651339 184.25372314453125 623
1771072651462 198.75425720214844 624
1771072651600 189.23573303222656 625
1771072651726 192.4637451171875 626
1771072651844 198.3594207763672 627
1771072651963 209.92481994628906 628
1771072652075 195.37171936035156 629
1771072652194 176.5835723876953 630
1771072652306 181.5273895263672 631
1771072652423 183.42539978027344 632
1771072652533 187.522705078125 633
1771072652652 169.40647888183594 634
1771072652795 186.3772430419922 635
1771072652924 153.47525024414062 636
1771072653036 173.54066467285156 637
1771072653163 157.9451904296875 638
1771072653278 186.91339111328125 639
1771072653393 186.083251953125 640
1771072653512 196.09580993652344 641
1771072653643 198.73171997070312 642
1771072653761 176.79995727539062 643
1771072653937 171.90872192382812 644
1771072654054 187.83424377441406 645
1771072654175 175.00047302246094 646
1771072654263 147.12149047851562 647
1771072654491 204.23867797851562 648
1771072654607 187.96591186523438 649
1771072654728 163.44610595703125 650
1771072654848 208.49285888671875 651
1771072654964 165.16378784179688 652
1771072655079 191.39720153808594 653
1771072655200 193.91233825683594 654
1771072655318 180.46298217773438 655
1771072655444 143.3259735107422 656
1771072655566 184.70950317382812 657
1771072655690 194.3859100341797 658
1771072655812 179.99114990234375 659
1771072655936 169.16259765625 660
1771072656058 161.6710205078125 661
1771072656193 148.80612182617188 662
1771072656320 165.88229370117188 663
1771072656456 168.52806091308594 664
1771072656600 192.9158935546875 665
1771072656737 173.3223419189453 666
1771072656856 189.5294189453125 667
1771072656975 181.74559020996094 668
1771072657099 172.3684539794922 669
1771072657216 185.15298461914062 670
1771072657328 186.84132385253906 671
1771072657446 209.0354461669922 672
1771072657564 166.99732971191406 673
1771072657688 165.32119750976562 674
1771072657808 189.4111328125 675
1771072657934 190.5955352783203 676
1771072658048 171.64747619628906 677
1771072658169 176.73458862304688 678
1771072658287 177.17991638183594 679
1771072658413 171.61033630371094 680
1771072658534 202.5052490234375 681
1771072658657 170.1909637451172 682
1771072658753 176.5330047607422 683
