1771072581401 503.1655578613281 35
1771072585546 453.7496337890625 71
1771072589594 406.8207092285156 107
1771072593954 378.5892333984375 143
1771072597878 350.6273193359375 179
1771072602145 332.8735046386719 215
1771072606175 315.1393737792969 251
1771072610350 299.7318420410156 287
1771072614538 274.720458984375 323
1771072618865 258.6787414550781 359
1771072623223 233.0263671875 395
1771072627742 220.33633422851562 431
1771072632194 210.5736083984375 467
1771072636619 203.82769775390625 503
1771072640900 199.11160278320312 539
1771072645293 192.84654235839844 575
1771072649882 190.6287078857422 611
1771072654376 184.16390991210938 647
1771072658864 179.54791259765625 683
