1771073120940 0.0 0
1771073121102 0.0 1
1771073121243 0.0 2
1771073121365 0.0 3
1771073121480 0.0 4
1771073121592 0.0 5
1771073121706 0.0 6
1771073121831 0.0 7
1771073121948 0.0 8
1771073122058 0.0 9
1771073122170 0.0 10
1771073122279 0.0 11
1771073122386 0.0 12
1771073122506 0.0 13
1771073122615 0.0 14
1771073122730 0.0 15
1771073122837 0.0 16
1771073122945 0.0 17
1771073123055 0.0 18
1771073123164 0.0 19
1771073123276 0.0 20
1771073123396 0.0 21
1771073123508 0.0 22
1771073123625 0.0 23
1771073123736 0.0 24
1771073123852 0.0 25
1771073123959 0.0 26
1771073124072 0.0 27
1771073124193 0.0 28
1771073124313 0.0 29
1771073124426 0.0 30
1771073124552 0.0 31
1771073124670 0.0 32
1771073124794 0.0 33
1771073124906 0.0 34
1771073124994 0.0 35
1771073125094 0.0 35
1771073125282 0.0 35
1771073125403 1.0 36
1771073125517 1.0 37
1771073125627 1.0 38
1771073125753 1.0 39
1771073125893 1.0 40
1771073126012 1.0 41
1771073126119 1.0 42
1771073126242 1.0 43
1771073126355 1.0 44
1771073126475 1.0 45
1771073126585 1.0 46
1771073126699 1.0 47
1771073126816 1.0 48
1771073126927 1.0 49
1771073127050 1.0 50
1771073127168 1.0 51
1771073127295 1.0 52
1771073127405 1.0 53
1771073127518 1.0 54
1771073127644 1.0 55
1771073127753 1.0 56
1771073127863 1.0 57
1771073127981 1.0 58
1771073128095 1.0 59
1771073128212 1.0 60
1771073128328 1.0 61
1771073128457 1.0 62
1771073128586 1.0 63
1771073128704 1.0 64
1771073128833 1.0 65
1771073128952 1.0 66
1771073129068 1.0 67
1771073129184 1.0 68
1771073129303 1.0 69
1771073129428 1.0 70
1771073129525 1.0 71
1771073129663 1.0 71
1771073129857 1.0 71
1771073129978 2.0 72
1771073130091 2.0 73
1771073130209 2.0 74
1771073130314 2.0 75
1771073130425 2.0 76
1771073130525 2.0 77
1771073130629 2.0 78
1771073130741 2.0 79
1771073130874 2.0 80
1771073130986 2.0 81
1771073131098 2.0 82
1771073131210 2.0 83
1771073131324 2.0 84
1771073131439 2.0 85
1771073131553 2.0 86
1771073131666 2.0 87
1771073131783 2.0 88
1771073131904 2.0 89
1771073132017 2.0 90
1771073132143 2.0 91
1771073132257 2.0 92
1771073132362 2.0 93
1771073132472 2.0 94
1771073132578 2.0 95
1771073132696 2.0 96
1771073132804 2.0 97
1771073132913 2.0 98
1771073133024 2.0 99
1771073133138 2.0 100
1771073133247 2.0 101
1771073133356 2.0 102
1771073133480 2.0 103
1771073133586 2.0 104
1771073133706 2.0 105
1771073133821 2.0 106
1771073133901 2.0 107
1771073133996 2.0 107
1771073134184 2.0 107
1771073134291 3.0 108
1771073134403 3.0 109
1771073134521 3.0 110
1771073134639 3.0 111
1771073134753 3.0 112
1771073134856 3.0 113
1771073134972 3.0 114
1771073135079 3.0 115
1771073135196 3.0 116
1771073135325 3.0 117
1771073135445 3.0 118
1771073135559 3.0 119
1771073135671 3.0 120
1771073135778 3.0 121
1771073135901 3.0 122
1771073136010 3.0 123
1771073136115 3.0 124
1771073136235 3.0 125
1771073136335 3.0 126
1771073136440 3.0 127
1771073136544 3.0 128
1771073136651 3.0 129
1771073136766 3.0 130
1771073136875 3.0 131
1771073136995 3.0 132
1771073137097 3.0 133
1771073137205 3.0 134
1771073137319 3.0 135
1771073137432 3.0 136
1771073137545 3.0 137
1771073137652 3.0 138
1771073137759 3.0 139
1771073137864 3.0 140
1771073137976 3.0 141
1771073138079 3.0 142
1771073138168 3.0 143
1771073138261 3.0 143
1771073138462 3.0 143
1771073138574 4.0 144
1771073138682 4.0 145
1771073138792 4.0 146
1771073138902 4.0 147
1771073139013 4.0 148
1771073139123 4.0 149
1771073139244 4.0 150
1771073139350 4.0 151
1771073139456 4.0 152
1771073139567 4.0 153
1771073139688 4.0 154
1771073139802 4.0 155
1771073139918 4.0 156
1771073140098 4.0 157
1771073140216 4.0 158
1771073140328 4.0 159
1771073140449 4.0 160
1771073140558 4.0 161
1771073140666 4.0 162
1771073140787 4.0 163
1771073140911 4.0 164
1771073141022 4.0 165
1771073141131 4.0 166
1771073141249 4.0 167
1771073141361 4.0 168
1771073141474 4.0 169
1771073141585 4.0 170
1771073141697 4.0 171
1771073141804 4.0 172
1771073141913 4.0 173
1771073142030 4.0 174
1771073142148 4.0 175
1771073142273 4.0 176
1771073142380 4.0 177
1771073142495 4.0 178
1771073142583 4.0 179
1771073142680 4.0 179
1771073142687 4.0 179
1771073142825 5.0 180
1771073142931 5.0 181
1771073143038 5.0 182
1771073143143 5.0 183
1771073143254 5.0 184
1771073143369 5.0 185
1771073143486 5.0 186
1771073143606 5.0 187
1771073143719 5.0 188
1771073143824 5.0 189
1771073143930 5.0 190
1771073144037 5.0 191
1771073144148 5.0 192
1771073144269 5.0 193
1771073144381 5.0 194
1771073144496 5.0 195
1771073144605 5.0 196
1771073144721 5.0 197
1771073144846 5.0 198
1771073144967 5.0 199
1771073145095 5.0 200
1771073145202 5.0 201
1771073145323 5.0 202
1771073145438 5.0 203
1771073145548 5.0 204
1771073145666 5.0 205
1771073145780 5.0 206
1771073145912 5.0 207
1771073146020 5.0 208
1771073146129 5.0 209
1771073146238 5.0 210
1771073146355 5.0 211
1771073146472 5.0 212
1771073146579 5.0 213
1771073146685 5.0 214
1771073146766 5.0 215
1771073146871 5.0 215
1771073147067 5.0 215
1771073147171 6.0 216
1771073147283 6.0 217
1771073147392 6.0 218
1771073147516 6.0 219
1771073147637 6.0 220
1771073147761 6.0 221
1771073147872 6.0 222
1771073147996 6.0 223
1771073148117 6.0 224
1771073148228 6.0 225
1771073148346 6.0 226
1771073148474 6.0 227
1771073148597 6.0 228
1771073148716 6.0 229
1771073148852 6.0 230
1771073148970 6.0 231
1771073149118 6.0 232
1771073149260 6.0 233
1771073149381 6.0 234
1771073149510 6.0 235
1771073149632 6.0 236
1771073149746 6.0 237
1771073149855 6.0 238
1771073149986 6.0 239
1771073150114 6.0 240
1771073150224 6.0 241
1771073150338 6.0 242
1771073150450 6.0 243
1771073150569 6.0 244
1771073150709 6.0 245
1771073150925 6.0 246
1771073151044 6.0 247
1771073151163 6.0 248
1771073151280 6.0 249
1771073151405 6.0 250
1771073151505 6.0 251
1771073151615 6.0 251
1771073151621 6.0 251
1771073151744 7.0 252
1771073151871 7.0 253
1771073151987 7.0 254
1771073152116 7.0 255
1771073152241 7.0 256
1771073152372 7.0 257
1771073152503 7.0 258
1771073152629 7.0 259
1771073152760 7.0 260
1771073152885 7.0 261
1771073153027 7.0 262
1771073153140 7.0 263
1771073153262 7.0 264
1771073153401 7.0 265
1771073153537 7.0 266
1771073153710 7.0 267
1771073153827 7.0 268
1771073153938 7.0 269
1771073154055 7.0 270
1771073154164 7.0 271
1771073154281 7.0 272
1771073154402 7.0 273
1771073154516 7.0 274
1771073154632 7.0 275
1771073154746 7.0 276
1771073154861 7.0 277
1771073154973 7.0 278
1771073155097 7.0 279
1771073155234 7.0 280
1771073155355 7.0 281
1771073155474 7.0 282
1771073155589 7.0 283
1771073155701 7.0 284
1771073155834 7.0 285
1771073155947 7.0 286
1771073156030 7.0 287
1771073156129 7.0 287
1771073156135 7.0 287
1771073156257 8.0 288
1771073156367 8.0 289
1771073156475 8.0 290
1771073156591 8.0 291
1771073156707 8.0 292
1771073156830 8.0 293
1771073156941 8.0 294
1771073157058 8.0 295
1771073157177 8.0 296
1771073157298 8.0 297
1771073157410 8.0 298
1771073157523 8.0 299
1771073157654 8.0 300
1771073157771 8.0 301
1771073157889 8.0 302
1771073158007 8.0 303
1771073158127 8.0 304
1771073158242 8.0 305
1771073158354 8.0 306
1771073158479 8.0 307
1771073158604 8.0 308
1771073158727 8.0 309
1771073158857 8.0 310
1771073158984 8.0 311
1771073159105 8.0 312
1771073159222 8.0 313
1771073159359 8.0 314
1771073159484 8.0 315
1771073159605 8.0 316
1771073159730 8.0 317
1771073159846 8.0 318
1771073159964 8.0 319
1771073160094 8.0 320
1771073160223 8.0 321
1771073160345 8.0 322
1771073160439 8.0 323
1771073160543 8.0 323
1771073160548 8.0 323
1771073160671 9.0 324
1771073160819 9.0 325
1771073160937 9.0 326
1771073161056 9.0 327
1771073161175 9.0 328
1771073161371 9.0 329
1771073161486 9.0 330
1771073161615 9.0 331
1771073161733 9.0 332
1771073161864 9.0 333
1771073162001 9.0 334
1771073162119 9.0 335
1771073162241 9.0 336
1771073162363 9.0 337
1771073162475 9.0 338
1771073162602 9.0 339
1771073162717 9.0 340
1771073162831 9.0 341
1771073162944 9.0 342
1771073163060 9.0 343
1771073163175 9.0 344
1771073163301 9.0 345
1771073163415 9.0 346
1771073163538 9.0 347
1771073163659 9.0 348
1771073163773 9.0 349
1771073163893 9.0 350
1771073164013 9.0 351
1771073164135 9.0 352
1771073164267 9.0 353
1771073164390 9.0 354
1771073164510 9.0 355
1771073164628 9.0 356
1771073164744 9.0 357
1771073164870 9.0 358
1771073164955 9.0 359
1771073165072 9.0 359
1771073165078 9.0 359
1771073165197 10.0 360
1771073165322 10.0 361
1771073165437 10.0 362
1771073165559 10.0 363
1771073165680 10.0 364
1771073165830 10.0 365
1771073165955 10.0 366
1771073166082 10.0 367
1771073166194 10.0 368
1771073166312 10.0 369
1771073166424 10.0 370
1771073166544 10.0 371
1771073166670 10.0 372
1771073166795 10.0 373
1771073166917 10.0 374
1771073167032 10.0 375
1771073167151 10.0 376
1771073167289 10.0 377
1771073167420 10.0 378
1771073167573 10.0 379
1771073167705 10.0 380
1771073167827 10.0 381
1771073167941 10.0 382
1771073168056 10.0 383
1771073168184 10.0 384
1771073168301 10.0 385
1771073168423 10.0 386
1771073168546 10.0 387
1771073168671 10.0 388
1771073168793 10.0 389
1771073168913 10.0 390
1771073169038 10.0 391
1771073169161 10.0 392
1771073169296 10.0 393
1771073169419 10.0 394
1771073169510 10.0 395
1771073169618 10.0 395
1771073169624 10.0 395
1771073169743 11.0 396
1771073169864 11.0 397
1771073169980 11.0 398
1771073170101 11.0 399
1771073170222 11.0 400
1771073170349 11.0 401
1771073170462 11.0 402
1771073170584 11.0 403
1771073170703 11.0 404
1771073170844 11.0 405
1771073170974 11.0 406
1771073171096 11.0 407
1771073171210 11.0 408
1771073171340 11.0 409
1771073171458 11.0 410
1771073171576 11.0 411
1771073171700 11.0 412
1771073171821 11.0 413
1771073171943 11.0 414
1771073172061 11.0 415
1771073172187 11.0 416
1771073172312 11.0 417
1771073172436 11.0 418
1771073172583 11.0 419
1771073172753 11.0 420
1771073172870 11.0 421
1771073172982 11.0 422
1771073173113 11.0 423
1771073173240 11.0 424
1771073173371 11.0 425
1771073173488 11.0 426
1771073173620 11.0 427
1771073173742 11.0 428
1771073173866 11.0 429
1771073173999 11.0 430
1771073174088 11.0 431
1771073174193 11.0 431
1771073174199 11.0 431
1771073174321 12.0 432
1771073174436 12.0 433
1771073174558 12.0 434
1771073174689 12.0 435
1771073174813 12.0 436
1771073174936 12.0 437
1771073175070 12.0 438
1771073175195 12.0 439
1771073175330 12.0 440
1771073175446 12.0 441
1771073175569 12.0 442
1771073175699 12.0 443
1771073175840 12.0 444
1771073175968 12.0 445
1771073176098 12.0 446
1771073176219 12.0 447
1771073176343 12.0 448
1771073176468 12.0 449
1771073176592 12.0 450
1771073176717 12.0 451
1771073176840 12.0 452
1771073176962 12.0 453
1771073177085 12.0 454
1771073177208 12.0 455
1771073177343 12.0 456
1771073177468 12.0 457
1771073177590 12.0 458
1771073177715 12.0 459
1771073177838 12.0 460
1771073177972 12.0 461
1771073178107 12.0 462
1771073178230 12.0 463
1771073178369 12.0 464
1771073178483 12.0 465
1771073178619 12.0 466
1771073178719 12.0 467
1771073178829 12.0 467
1771073178836 12.0 467
1771073178961 13.0 468
1771073179086 13.0 469
1771073179218 13.0 470
1771073179348 13.0 471
1771073179475 13.0 472
1771073179604 13.0 473
1771073179724 13.0 474
1771073179849 13.0 475
1771073179990 13.0 476
1771073180114 13.0 477
1771073180239 13.0 478
1771073180368 13.0 479
1771073180487 13.0 480
1771073180670 13.0 481
1771073180836 13.0 482
1771073180977 13.0 483
1771073181100 13.0 484
1771073181221 13.0 485
1771073181360 13.0 486
1771073181483 13.0 487
1771073181620 13.0 488
1771073181746 13.0 489
1771073181870 13.0 490
1771073181990 13.0 491
1771073182128 13.0 492
1771073182250 13.0 493
1771073182401 13.0 494
1771073182528 13.0 495
1771073182653 13.0 496
1771073182781 13.0 497
1771073182906 13.0 498
1771073183032 13.0 499
1771073183153 13.0 500
1771073183295 13.0 501
1771073183419 13.0 502
1771073183511 13.0 503
1771073183632 13.0 503
1771073183638 13.0 503
1771073183767 14.0 504
1771073183897 14.0 505
1771073184101 14.0 506
1771073184223 14.0 507
1771073184359 14.0 508
1771073184487 14.0 509
1771073184632 14.0 510
1771073184760 14.0 511
1771073184889 14.0 512
1771073185017 14.0 513
1771073185156 14.0 514
1771073185303 14.0 515
1771073185423 14.0 516
1771073185542 14.0 517
1771073185676 14.0 518
1771073185821 14.0 519
1771073185966 14.0 520
1771073186099 14.0 521
1771073186223 14.0 522
1771073186344 14.0 523
1771073186465 14.0 524
1771073186596 14.0 525
1771073186715 14.0 526
1771073186842 14.0 527
1771073186971 14.0 528
1771073187095 14.0 529
1771073187218 14.0 530
1771073187351 14.0 531
1771073187474 14.0 532
1771073187620 14.0 533
1771073187753 14.0 534
1771073187878 14.0 535
1771073188001 14.0 536
1771073188129 14.0 537
1771073188251 14.0 538
1771073188346 14.0 539
1771073188463 14.0 539
1771073188470 14.0 539
1771073188600 15.0 540
1771073188738 15.0 541
1771073188872 15.0 542
1771073189020 15.0 543
1771073189142 15.0 544
1771073189274 15.0 545
1771073189404 15.0 546
1771073189532 15.0 547
1771073189661 15.0 548
1771073189784 15.0 549
1771073189915 15.0 550
1771073190037 15.0 551
1771073190158 15.0 552
1771073190285 15.0 553
1771073190405 15.0 554
1771073190528 15.0 555
1771073190650 15.0 556
1771073190769 15.0 557
1771073190913 15.0 558
1771073191032 15.0 559
1771073191153 15.0 560
1771073191281 15.0 561
1771073191422 15.0 562
1771073191564 15.0 563
1771073191706 15.0 564
1771073191843 15.0 565
1771073191969 15.0 566
1771073192097 15.0 567
1771073192227 15.0 568
1771073192355 15.0 569
1771073192494 15.0 570
1771073192630 15.0 571
1771073192762 15.0 572
1771073192919 15.0 573
1771073193053 15.0 574
1771073193149 15.0 575
1771073193260 15.0 575
1771073193268 15.0 575
1771073193411 16.0 576
1771073193555 16.0 577
1771073193693 16.0 578
1771073193839 16.0 579
1771073193966 16.0 580
1771073194110 16.0 581
1771073194236 16.0 582
1771073194366 16.0 583
1771073194488 16.0 584
1771073194614 16.0 585
1771073194734 16.0 586
1771073194874 16.0 587
1771073195006 16.0 588
1771073195146 16.0 589
1771073195283 16.0 590
1771073195416 16.0 591
1771073195547 16.0 592
1771073195678 16.0 593
1771073195856 16.0 594
1771073196044 16.0 595
1771073196189 16.0 596
1771073196350 16.0 597
1771073196483 16.0 598
1771073196612 16.0 599
1771073196736 16.0 600
1771073196862 16.0 601
1771073196983 16.0 602
1771073197108 16.0 603
1771073197236 16.0 604
1771073197368 16.0 605
1771073197507 16.0 606
1771073197651 16.0 607
1771073197784 16.0 608
1771073197930 16.0 609
1771073198075 16.0 610
1771073198177 16.0 611
1771073198289 16.0 611
1771073198295 16.0 611
1771073198432 17.0 612
1771073198565 17.0 613
1771073198693 17.0 614
1771073198832 17.0 615
1771073198968 17.0 616
1771073199111 17.0 617
1771073199242 17.0 618
1771073199383 17.0 619
1771073199531 17.0 620
1771073199668 17.0 621
1771073199806 17.0 622
1771073199932 17.0 623
1771073200069 17.0 624
1771073200195 17.0 625
1771073200324 17.0 626
1771073200473 17.0 627
1771073200610 17.0 628
1771073200733 17.0 629
1771073200880 17.0 630
1771073201007 17.0 631
1771073201144 17.0 632
1771073201270 17.0 633
1771073201399 17.0 634
1771073201520 17.0 635
1771073201661 17.0 636
1771073201794 17.0 637
1771073201920 17.0 638
1771073202048 17.0 639
1771073202181 17.0 640
1771073202301 17.0 641
1771073202421 17.0 642
1771073202551 17.0 643
1771073202680 17.0 644
1771073202798 17.0 645
1771073202942 17.0 646
1771073203038 17.0 647
1771073203163 17.0 647
1771073203171 17.0 647
1771073203304 18.0 648
1771073203436 18.0 649
1771073203562 18.0 650
1771073203697 18.0 651
1771073203879 18.0 652
1771073204033 18.0 653
1771073204171 18.0 654
1771073204302 18.0 655
1771073204437 18.0 656
1771073204566 18.0 657
1771073204689 18.0 658
1771073204819 18.0 659
1771073204954 18.0 660
1771073205076 18.0 661
1771073205215 18.0 662
1771073205353 18.0 663
1771073205483 18.0 664
1771073205623 18.0 665
1771073205763 18.0 666
1771073205919 18.0 667
1771073206068 18.0 668
1771073206207 18.0 669
1771073206340 18.0 670
1771073206474 18.0 671
1771073206617 18.0 672
1771073206759 18.0 673
1771073206886 18.0 674
1771073207015 18.0 675
1771073207145 18.0 676
1771073207286 18.0 677
1771073207424 18.0 678
1771073207549 18.0 679
1771073207679 18.0 680
1771073207805 18.0 681
1771073207941 18.0 682
1771073208037 18.0 683
1771073208164 18.0 683
1771073208170 18.0 683
