1771073120940 697.4457397460938 0
1771073121102 563.6115112304688 1
1771073121243 586.5052490234375 2
1771073121365 568.137451171875 3
1771073121480 568.0615844726562 4
1771073121592 514.1038818359375 5
1771073121706 464.1706237792969 6
1771073121831 546.5703735351562 7
1771073121948 479.30303955078125 8
1771073122058 551.6664428710938 9
1771073122170 473.0219421386719 10
1771073122279 442.7151794433594 11
1771073122386 511.055419921875 12
1771073122506 464.8802795410156 13
1771073122615 464.95477294921875 14
1771073122730 537.7437133789062 15
1771073122837 429.0630187988281 16
1771073122945 451.2670593261719 17
1771073123055 523.7465209960938 18
1771073123164 477.95538330078125 19
1771073123276 496.7967529296875 20
1771073123396 446.39801025390625 21
1771073123508 480.1979675292969 22
1771073123625 508.9168395996094 23
1771073123736 481.8457946777344 24
1771073123852 427.84893798828125 25
1771073123959 570.8600463867188 26
1771073124072 470.3175354003906 27
1771073124193 467.09356689453125 28
1771073124313 486.0617370605469 29
1771073124426 508.7009582519531 30
1771073124552 479.51898193359375 31
1771073124670 480.3094177246094 32
1771073124794 512.6248168945312 33
1771073124906 486.234619140625 34
1771073124994 446.1318359375 35
1771073125403 480.361572265625 36
1771073125517 487.2991943359375 37
1771073125627 435.2864990234375 38
1771073125753 456.3565979003906 39
1771073125893 482.8538818359375 40
1771073126012 458.1886901855469 41
1771073126119 465.311279296875 42
1771073126242 535.103515625 43
1771073126355 463.6627502441406 44
1771073126475 414.6013488769531 45
1771073126585 393.25640869140625 46
1771073126699 486.1180419921875 47
1771073126816 420.210693359375 48
1771073126927 420.923583984375 49
1771073127050 390.1941833496094 50
1771073127168 444.7195129394531 51
1771073127295 483.3475646972656 52
1771073127405 555.8786010742188 53
1771073127518 440.76458740234375 54
1771073127644 463.8998718261719 55
1771073127753 442.5914611816406 56
1771073127863 464.7500915527344 57
1771073127981 436.6777038574219 58
1771073128095 426.0671081542969 59
1771073128212 452.3583679199219 60
1771073128328 525.8319091796875 61
1771073128457 416.4457092285156 62
1771073128586 401.2513122558594 63
1771073128704 437.095703125 64
1771073128833 472.16571044921875 65
1771073128952 404.0828552246094 66
1771073129068 461.0926513671875 67
1771073129184 482.443115234375 68
1771073129303 452.83221435546875 69
1771073129428 438.56829833984375 70
1771073129525 377.06829833984375 71
1771073129978 441.6564025878906 72
1771073130091 385.841064453125 73
1771073130209 385.42919921875 74
1771073130314 372.4031982421875 75
1771073130425 449.6881408691406 76
1771073130525 432.779296875 77
1771073130629 411.6358947753906 78
1771073130741 378.8575744628906 79
1771073130874 395.8668212890625 80
1771073130986 393.67791748046875 81
1771073131098 388.3939208984375 82
1771073131210 418.30316162109375 83
1771073131324 476.54229736328125 84
1771073131439 442.94757080078125 85
1771073131553 366.9539489746094 86
1771073131666 425.9192810058594 87
1771073131783 419.2394104003906 88
1771073131904 487.66259765625 89
1771073132017 405.4593811035156 90
1771073132143 409.5277099609375 91
1771073132257 436.2778015136719 92
1771073132362 355.9898681640625 93
1771073132472 370.3045654296875 94
1771073132578 376.29638671875 95
1771073132696 407.3396911621094 96
1771073132804 423.3846740722656 97
1771073132913 401.2683410644531 98
1771073133024 398.2297668457031 99
1771073133138 340.43829345703125 100
1771073133247 386.6414794921875 101
1771073133356 424.0924987792969 102
1771073133480 416.1344909667969 103
1771073133586 440.2413330078125 104
1771073133706 392.226318359375 105
1771073133821 387.18499755859375 106
1771073133901 386.2711181640625 107
1771073134291 414.15142822265625 108
1771073134403 364.79986572265625 109
1771073134521 427.38128662109375 110
1771073134639 404.32598876953125 111
1771073134753 389.1147766113281 112
1771073134856 404.4170227050781 113
1771073134972 438.9854736328125 114
1771073135079 374.3983154296875 115
1771073135196 441.9703674316406 116
1771073135325 417.6025390625 117
1771073135445 424.4288635253906 118
1771073135559 389.06304931640625 119
1771073135671 400.1930847167969 120
1771073135778 370.5208740234375 121
1771073135901 368.2145690917969 122
1771073136010 377.74505615234375 123
1771073136115 468.98291015625 124
1771073136235 342.1125183105469 125
1771073136335 339.5558166503906 126
1771073136440 354.6750793457031 127
1771073136544 383.06658935546875 128
1771073136651 395.68829345703125 129
1771073136766 411.79522705078125 130
1771073136875 428.7999267578125 131
1771073136995 360.7197570800781 132
1771073137097 320.6237487792969 133
1771073137205 370.4352111816406 134
1771073137319 334.1285095214844 135
1771073137432 344.31390380859375 136
1771073137545 327.14013671875 137
1771073137652 345.09912109375 138
1771073137759 380.3485412597656 139
1771073137864 338.75042724609375 140
1771073137976 361.5379638671875 141
1771073138079 376.08709716796875 142
1771073138168 405.3572998046875 143
1771073138574 382.2804260253906 144
1771073138682 351.0484313964844 145
1771073138792 414.0014343261719 146
1771073138902 383.886962890625 147
1771073139013 367.04644775390625 148
1771073139123 347.5544128417969 149
1771073139244 367.7867431640625 150
1771073139350 351.0345764160156 151
1771073139456 414.6159362792969 152
1771073139567 354.05035400390625 153
1771073139688 341.0084533691406 154
1771073139802 335.527587890625 155
1771073139918 357.82305908203125 156
1771073140098 331.4384460449219 157
1771073140216 365.21551513671875 158
1771073140328 356.2923889160156 159
1771073140449 374.4325866699219 160
1771073140558 313.44000244140625 161
1771073140666 333.6894226074219 162
1771073140787 344.3305969238281 163
1771073140911 330.75323486328125 164
1771073141022 364.19171142578125 165
1771073141131 334.0161437988281 166
1771073141249 312.1165466308594 167
1771073141361 343.4421691894531 168
1771073141474 322.70281982421875 169
1771073141585 350.7183532714844 170
1771073141697 310.4662780761719 171
1771073141804 395.71875 172
1771073141913 347.33416748046875 173
1771073142030 328.82025146484375 174
1771073142148 343.47515869140625 175
1771073142273 334.9925231933594 176
1771073142380 340.72747802734375 177
1771073142495 348.72869873046875 178
1771073142583 473.0453186035156 179
1771073142825 304.85955810546875 180
1771073142931 332.087158203125 181
1771073143038 384.29522705078125 182
1771073143143 331.3421936035156 183
1771073143254 334.34332275390625 184
1771073143369 316.3996276855469 185
1771073143486 291.5140075683594 186
1771073143606 367.57928466796875 187
1771073143719 335.3928527832031 188
1771073143824 360.3478698730469 189
1771073143930 341.506591796875 190
1771073144037 305.90869140625 191
1771073144148 315.59375 192
1771073144269 349.14215087890625 193
1771073144381 293.03448486328125 194
1771073144496 317.5830993652344 195
1771073144605 316.9530029296875 196
1771073144721 326.06842041015625 197
1771073144846 344.8275451660156 198
1771073144967 327.1850280761719 199
1771073145095 328.6380615234375 200
1771073145202 320.7304992675781 201
1771073145323 416.4785461425781 202
1771073145438 340.2265319824219 203
1771073145548 347.5610046386719 204
1771073145666 310.6297607421875 205
1771073145780 391.7117004394531 206
1771073145912 371.67718505859375 207
1771073146020 311.2495422363281 208
1771073146129 340.6187744140625 209
1771073146238 349.7064514160156 210
1771073146355 315.5159912109375 211
1771073146472 355.4378356933594 212
1771073146579 336.1791687011719 213
1771073146685 312.3305358886719 214
1771073146766 321.44927978515625 215
1771073147171 340.5906677246094 216
1771073147283 319.9140319824219 217
1771073147392 348.1834411621094 218
1771073147516 329.744384765625 219
1771073147637 271.0752258300781 220
1771073147761 300.06463623046875 221
1771073147872 313.4581298828125 222
1771073147996 276.8277282714844 223
1771073148117 330.91552734375 224
1771073148228 324.0729675292969 225
1771073148346 315.65521240234375 226
1771073148474 318.7639465332031 227
1771073148597 306.3584289550781 228
1771073148716 320.9262390136719 229
1771073148852 324.019287109375 230
1771073148970 319.90478515625 231
1771073149118 334.514404296875 232
1771073149260 298.3833923339844 233
1771073149381 314.2441101074219 234
1771073149510 310.56695556640625 235
1771073149632 325.5399169921875 236
1771073149746 314.567138671875 237
1771073149855 296.41168212890625 238
1771073149986 334.6084289550781 239
1771073150114 308.50958251953125 240
1771073150224 343.4646911621094 241
1771073150338 301.7166442871094 242
1771073150450 331.7081298828125 243
1771073150569 320.6101989746094 244
1771073150709 323.92889404296875 245
1771073150925 315.6843566894531 246
1771073151044 283.10638427734375 247
1771073151163 318.6026916503906 248
1771073151280 328.684814453125 249
1771073151405 282.584228515625 250
1771073151505 375.4339599609375 251
1771073151744 264.3575744628906 252
1771073151871 287.5434875488281 253
1771073151987 253.89442443847656 254
1771073152116 403.22857666015625 255
1771073152241 290.90191650390625 256
1771073152372 327.7281494140625 257
1771073152503 252.80104064941406 258
1771073152629 296.21258544921875 259
1771073152760 289.19879150390625 260
1771073152885 287.33148193359375 261
1771073153027 287.9755859375 262
1771073153140 308.073974609375 263
1771073153262 329.73663330078125 264
1771073153401 302.6517639160156 265
1771073153537 299.9977722167969 266
1771073153710 344.9835205078125 267
1771073153827 300.1702575683594 268
1771073153938 299.4451599121094 269
1771073154055 334.6476135253906 270
1771073154164 307.9276123046875 271
1771073154281 326.8263244628906 272
1771073154402 305.68792724609375 273
1771073154516 351.8840637207031 274
1771073154632 315.26934814453125 275
1771073154746 276.626953125 276
1771073154861 326.9664306640625 277
1771073154973 291.1410217285156 278
1771073155097 300.681396484375 279
1771073155234 275.3200378417969 280
1771073155355 325.1107482910156 281
1771073155474 364.2457275390625 282
1771073155589 255.76585388183594 283
1771073155701 327.0939025878906 284
1771073155834 322.1552734375 285
1771073155947 261.4648742675781 286
1771073156030 273.37152099609375 287
1771073156257 303.76483154296875 288
1771073156367 296.72772216796875 289
1771073156475 278.17620849609375 290
1771073156591 231.35491943359375 291
1771073156707 308.64483642578125 292
1771073156830 297.7666015625 293
1771073156941 299.06500244140625 294
1771073157058 291.6553649902344 295
1771073157177 352.1756896972656 296
1771073157298 283.42877197265625 297
1771073157410 312.27349853515625 298
1771073157523 312.5680236816406 299
1771073157654 268.2637023925781 300
1771073157771 292.5195617675781 301
1771073157889 270.5518798828125 302
1771073158007 280.0875244140625 303
1771073158127 273.4486999511719 304
1771073158242 280.62249755859375 305
1771073158354 246.96932983398438 306
1771073158479 291.9577331542969 307
1771073158604 266.7859191894531 308
1771073158727 259.17486572265625 309
1771073158857 250.2906036376953 310
1771073158984 248.79949951171875 311
1771073159105 264.5097961425781 312
1771073159222 298.6219177246094 313
1771073159359 276.6147766113281 314
1771073159484 276.1175537109375 315
1771073159605 258.0265808105469 316
1771073159730 298.3587341308594 317
1771073159846 313.74066162109375 318
1771073159964 275.4548034667969 319
1771073160094 285.47808837890625 320
1771073160223 265.8860168457031 321
1771073160345 250.99974060058594 322
1771073160439 301.2501220703125 323
1771073160671 288.7088317871094 324
1771073160819 248.5970458984375 325
1771073160937 242.10708618164062 326
1771073161056 254.3592529296875 327
1771073161175 234.30419921875 328
1771073161371 252.734130859375 329
1771073161486 239.18421936035156 330
1771073161615 280.50665283203125 331
1771073161733 236.78457641601562 332
1771073161864 230.80642700195312 333
1771073162001 219.61866760253906 334
1771073162119 225.65841674804688 335
1771073162241 289.2077941894531 336
1771073162363 271.693115234375 337
1771073162475 254.014892578125 338
1771073162602 319.5929260253906 339
1771073162717 237.18350219726562 340
1771073162831 259.99139404296875 341
1771073162944 258.66015625 342
1771073163060 261.9606628417969 343
1771073163175 262.786865234375 344
1771073163301 276.0261535644531 345
1771073163415 250.3800048828125 346
1771073163538 293.5849914550781 347
1771073163659 224.64303588867188 348
1771073163773 256.63128662109375 349
1771073163893 247.70370483398438 350
1771073164013 238.06529235839844 351
1771073164135 257.4483642578125 352
1771073164267 245.4482879638672 353
1771073164390 247.27447509765625 354
1771073164510 270.6231994628906 355
1771073164628 266.10491943359375 356
1771073164744 263.698486328125 357
1771073164870 256.48797607421875 358
1771073164955 296.75946044921875 359
1771073165197 236.77223205566406 360
1771073165322 250.048583984375 361
1771073165437 254.15235900878906 362
1771073165559 225.64239501953125 363
1771073165680 230.27737426757812 364
1771073165830 225.98553466796875 365
1771073165955 221.06236267089844 366
1771073166082 256.45623779296875 367
1771073166194 231.7516632080078 368
1771073166312 229.71725463867188 369
1771073166424 220.81655883789062 370
1771073166544 230.8357696533203 371
1771073166670 228.56472778320312 372
1771073166795 221.17642211914062 373
1771073166917 252.18470764160156 374
1771073167032 221.0703125 375
1771073167151 255.783447265625 376
1771073167289 238.08853149414062 377
1771073167420 225.76779174804688 378
1771073167573 197.21041870117188 379
1771073167705 275.5260009765625 380
1771073167827 226.405029296875 381
1771073167941 276.0498352050781 382
1771073168056 200.27711486816406 383
1771073168184 268.5574645996094 384
1771073168301 221.74533081054688 385
1771073168423 216.7193145751953 386
1771073168546 225.39724731445312 387
1771073168671 193.44007873535156 388
1771073168793 226.19639587402344 389
1771073168913 225.63145446777344 390
1771073169038 208.6457061767578 391
1771073169161 219.47349548339844 392
1771073169296 219.17112731933594 393
1771073169419 208.92532348632812 394
1771073169510 204.83131408691406 395
1771073169743 197.14535522460938 396
1771073169864 235.8289031982422 397
1771073169980 211.66543579101562 398
1771073170101 212.67083740234375 399
1771073170222 235.23963928222656 400
1771073170349 240.3675537109375 401
1771073170462 215.01107788085938 402
1771073170584 246.53759765625 403
1771073170703 262.4716796875 404
1771073170844 216.23263549804688 405
1771073170974 255.432373046875 406
1771073171096 198.91676330566406 407
1771073171210 189.12728881835938 408
1771073171340 216.7611541748047 409
1771073171458 213.61813354492188 410
1771073171576 234.57489013671875 411
1771073171700 231.99081420898438 412
1771073171821 210.95632934570312 413
1771073171943 202.98907470703125 414
1771073172061 182.1938018798828 415
1771073172187 290.9911193847656 416
1771073172312 221.6627960205078 417
1771073172436 188.08145141601562 418
1771073172583 242.00961303710938 419
1771073172753 197.1897735595703 420
1771073172870 220.21420288085938 421
1771073172982 208.45578002929688 422
1771073173113 197.2644500732422 423
1771073173240 186.02182006835938 424
1771073173371 234.13121032714844 425
1771073173488 207.8032684326172 426
1771073173620 194.7567901611328 427
1771073173742 218.09617614746094 428
1771073173866 210.90371704101562 429
1771073173999 235.12149047851562 430
1771073174088 190.85166931152344 431
1771073174321 225.76759338378906 432
1771073174436 223.98951721191406 433
1771073174558 214.72483825683594 434
1771073174689 189.81777954101562 435
1771073174813 198.52267456054688 436
1771073174936 216.65306091308594 437
1771073175070 194.21238708496094 438
1771073175195 198.8306427001953 439
1771073175330 209.9014892578125 440
1771073175446 212.08071899414062 441
1771073175569 221.57591247558594 442
1771073175699 222.82589721679688 443
1771073175840 213.95008850097656 444
1771073175968 223.32559204101562 445
1771073176098 227.7108612060547 446
1771073176219 219.95472717285156 447
1771073176343 197.41334533691406 448
1771073176468 197.94891357421875 449
1771073176592 214.55670166015625 450
1771073176717 241.13458251953125 451
1771073176840 205.53512573242188 452
1771073176962 220.60501098632812 453
1771073177085 226.9553680419922 454
1771073177208 204.8369598388672 455
1771073177343 215.78213500976562 456
1771073177468 179.41796875 457
1771073177590 195.23289489746094 458
1771073177715 193.7910919189453 459
1771073177838 247.99327087402344 460
1771073177972 197.69166564941406 461
1771073178107 240.83656311035156 462
1771073178230 212.89395141601562 463
1771073178369 216.4230194091797 464
1771073178483 187.30718994140625 465
1771073178619 203.4307098388672 466
1771073178719 192.61842346191406 467
1771073178961 196.15975952148438 468
1771073179086 209.21278381347656 469
1771073179218 233.0746307373047 470
1771073179348 192.93133544921875 471
1771073179475 188.81600952148438 472
1771073179604 217.05776977539062 473
1771073179724 210.08792114257812 474
1771073179849 212.97723388671875 475
1771073179990 188.12564086914062 476
1771073180114 191.06149291992188 477
1771073180239 200.81817626953125 478
1771073180368 184.98483276367188 479
1771073180487 221.19854736328125 480
1771073180670 192.9432373046875 481
1771073180836 215.3493194580078 482
1771073180977 218.2765655517578 483
1771073181100 207.72727966308594 484
1771073181221 199.9698486328125 485
1771073181360 227.401611328125 486
1771073181483 177.709716796875 487
1771073181620 202.56442260742188 488
1771073181746 204.1334991455078 489
1771073181870 194.6854705810547 490
1771073181990 201.29933166503906 491
1771073182128 188.4036407470703 492
1771073182250 218.63299560546875 493
1771073182401 201.5738983154297 494
1771073182528 196.101318359375 495
1771073182653 208.6378631591797 496
1771073182781 176.18267822265625 497
1771073182906 201.14781188964844 498
1771073183032 206.84725952148438 499
1771073183153 220.82363891601562 500
1771073183295 218.81675720214844 501
1771073183419 171.5245361328125 502
1771073183511 178.40342712402344 503
1771073183767 186.79942321777344 504
1771073183897 193.6309814453125 505
1771073184101 171.5912322998047 506
1771073184223 188.95346069335938 507
1771073184359 221.79373168945312 508
1771073184487 193.99916076660156 509
1771073184632 197.28713989257812 510
1771073184760 208.44204711914062 511
1771073184889 211.80398559570312 512
1771073185017 212.0690155029297 513
1771073185156 217.188232421875 514
1771073185303 214.81405639648438 515
1771073185423 197.37257385253906 516
1771073185542 201.08468627929688 517
1771073185676 218.39645385742188 518
1771073185821 218.54196166992188 519
1771073185966 213.35775756835938 520
1771073186099 205.9004669189453 521
1771073186223 177.70091247558594 522
1771073186344 190.0986785888672 523
1771073186465 186.58421325683594 524
1771073186596 196.3441925048828 525
1771073186715 198.7206268310547 526
1771073186842 171.0890350341797 527
1771073186971 221.4019775390625 528
1771073187095 204.85861206054688 529
1771073187218 165.3527069091797 530
1771073187351 202.8874969482422 531
1771073187474 180.3501434326172 532
1771073187620 211.6030731201172 533
1771073187753 191.8437957763672 534
1771073187878 195.31259155273438 535
1771073188001 193.8037872314453 536
1771073188129 170.6543731689453 537
1771073188251 257.65692138671875 538
1771073188346 174.19728088378906 539
1771073188600 178.41140747070312 540
1771073188738 181.68885803222656 541
1771073188872 213.49208068847656 542
1771073189020 178.37103271484375 543
1771073189142 217.52976989746094 544
1771073189274 189.2783966064453 545
1771073189404 177.9801788330078 546
1771073189532 212.9432830810547 547
1771073189661 185.4842071533203 548
1771073189784 223.46405029296875 549
1771073189915 226.60462951660156 550
1771073190037 196.09805297851562 551
1771073190158 182.7509765625 552
1771073190285 203.8489532470703 553
1771073190405 191.4366912841797 554
1771073190528 240.3800811767578 555
1771073190650 191.87350463867188 556
1771073190769 170.39166259765625 557
1771073190913 202.3515625 558
1771073191032 176.36331176757812 559
1771073191153 203.02301025390625 560
1771073191281 189.06361389160156 561
1771073191422 201.09193420410156 562
1771073191564 183.26683044433594 563
1771073191706 197.8197021484375 564
1771073191843 165.42178344726562 565
1771073191969 191.8896026611328 566
1771073192097 178.37298583984375 567
1771073192227 181.0584259033203 568
1771073192355 195.84884643554688 569
1771073192494 197.40606689453125 570
1771073192630 199.91177368164062 571
1771073192762 192.04176330566406 572
1771073192919 189.44985961914062 573
1771073193053 192.95216369628906 574
1771073193149 249.86904907226562 575
1771073193411 184.78384399414062 576
1771073193555 236.08380126953125 577
1771073193693 196.99742126464844 578
1771073193839 212.46214294433594 579
1771073193966 209.96026611328125 580
1771073194110 221.2794189453125 581
1771073194236 190.1155548095703 582
1771073194366 184.10581970214844 583
1771073194488 191.05197143554688 584
1771073194614 192.86412048339844 585
1771073194734 186.01251220703125 586
1771073194874 198.9481964111328 587
1771073195006 181.8393096923828 588
1771073195146 236.54983520507812 589
1771073195283 152.96051025390625 590
1771073195416 194.08407592773438 591
1771073195547 183.1902313232422 592
1771073195678 180.27279663085938 593
1771073195856 197.14181518554688 594
1771073196044 192.9016571044922 595
1771073196189 192.88954162597656 596
1771073196350 183.82174682617188 597
1771073196483 168.93426513671875 598
1771073196612 198.39044189453125 599
1771073196736 212.78945922851562 600
1771073196862 206.26014709472656 601
1771073196983 192.72987365722656 602
1771073197108 172.33258056640625 603
1771073197236 176.96095275878906 604
1771073197368 177.1148681640625 605
1771073197507 193.52471923828125 606
1771073197651 192.60740661621094 607
1771073197784 166.2489471435547 608
1771073197930 185.66049194335938 609
1771073198075 173.17898559570312 610
1771073198177 174.4185333251953 611
1771073198432 176.1201629638672 612
1771073198565 174.24420166015625 613
1771073198693 188.01535034179688 614
1771073198832 203.6865234375 615
1771073198968 192.54664611816406 616
1771073199111 217.32752990722656 617
1771073199242 202.4629669189453 618
1771073199383 168.45559692382812 619
1771073199531 177.4556121826172 620
1771073199668 182.8282012939453 621
1771073199806 202.4252166748047 622
1771073199932 179.8157958984375 623
1771073200069 196.31829833984375 624
1771073200195 183.36656188964844 625
1771073200324 195.62136840820312 626
1771073200473 197.89036560058594 627
1771073200610 222.80654907226562 628
1771073200733 200.379150390625 629
1771073200880 175.21986389160156 630
1771073201007 180.09449768066406 631
1771073201144 188.20687866210938 632
1771073201270 187.519775390625 633
1771073201399 171.07275390625 634
1771073201520 179.3517608642578 635
1771073201661 159.57244873046875 636
1771073201794 169.91122436523438 637
1771073201920 164.3092041015625 638
1771073202048 193.57687377929688 639
1771073202181 181.39028930664062 640
1771073202301 194.7937469482422 641
1771073202421 199.6005859375 642
1771073202551 181.63748168945312 643
1771073202680 167.10313415527344 644
1771073202798 177.50233459472656 645
1771073202942 180.08535766601562 646
1771073203038 160.53758239746094 647
1771073203304 199.845947265625 648
1771073203436 194.03115844726562 649
1771073203562 167.25128173828125 650
1771073203697 221.2699737548828 651
1771073203879 175.7827606201172 652
1771073204033 189.57476806640625 653
1771073204171 194.3415985107422 654
1771073204302 174.52249145507812 655
1771073204437 149.78904724121094 656
1771073204566 189.17788696289062 657
1771073204689 198.16017150878906 658
1771073204819 181.11373901367188 659
1771073204954 162.89093017578125 660
1771073205076 168.87628173828125 661
1771073205215 165.72560119628906 662
1771073205353 168.24952697753906 663
1771073205483 173.85523986816406 664
1771073205623 192.3461456298828 665
1771073205763 177.71534729003906 666
1771073205919 195.0408935546875 667
1771073206068 187.85479736328125 668
1771073206207 181.1614990234375 669
1771073206340 192.9300994873047 670
1771073206474 195.18003845214844 671
1771073206617 203.17086791992188 672
1771073206759 186.06707763671875 673
1771073206886 163.21510314941406 674
1771073207015 192.41854858398438 675
1771073207145 196.37155151367188 676
1771073207286 176.93153381347656 677
1771073207424 190.4205322265625 678
1771073207549 180.62332153320312 679
1771073207679 176.04193115234375 680
1771073207805 195.24639892578125 681
1771073207941 175.0250701904297 682
1771073208037 177.48269653320312 683
