1771073125282 503.1655578613281 35
1771073129857 453.73187255859375 71
1771073134184 406.9032287597656 107
1771073138462 382.7060546875 143
1771073142687 351.8185729980469 179
1771073147067 335.49884033203125 215
1771073151621 315.9202575683594 251
1771073156135 305.4296569824219 287
1771073160548 281.8262023925781 323
1771073165078 256.25457763671875 359
1771073169624 230.32974243164062 395
1771073174199 218.80197143554688 431
1771073178836 211.73269653320312 467
1771073183638 202.6704864501953 503
1771073188470 199.58062744140625 539
1771073193268 194.51458740234375 575
1771073198295 191.83795166015625 611
1771073203171 185.9640350341797 647
1771073208170 183.7497100830078 683
