1771248179909 0.0 0
1771248180003 0.0 1
1771248180097 0.0 2
1771248180192 0.0 3
1771248180283 0.0 4
1771248180378 0.0 5
1771248180474 0.0 6
1771248180568 0.0 7
1771248180663 0.0 8
1771248180757 0.0 9
1771248180849 0.0 10
1771248180941 0.0 11
1771248181033 0.0 12
1771248181125 0.0 13
1771248181216 0.0 14
1771248181307 0.0 15
1771248181399 0.0 16
1771248181493 0.0 17
1771248181585 0.0 18
1771248181687 0.0 19
1771248181781 0.0 20
1771248181875 0.0 21
1771248181969 0.0 22
1771248182064 0.0 23
1771248182156 0.0 24
1771248182249 0.0 25
1771248182346 0.0 26
1771248182441 0.0 27
1771248182533 0.0 28
1771248182624 0.0 29
1771248182718 0.0 30
1771248182815 0.0 31
1771248182908 0.0 32
1771248183000 0.0 33
1771248183093 0.0 34
1771248183162 0.0 35
1771248183247 0.0 35
1771248183411 0.0 35
1771248183504 1.0 36
1771248183599 1.0 37
1771248183704 1.0 38
1771248183798 1.0 39
1771248183897 1.0 40
1771248183992 1.0 41
1771248184085 1.0 42
1771248184183 1.0 43
1771248184282 1.0 44
1771248184417 1.0 45
1771248184514 1.0 46
1771248184612 1.0 47
1771248184704 1.0 48
1771248184795 1.0 49
1771248184893 1.0 50
1771248184987 1.0 51
1771248185079 1.0 52
1771248185172 1.0 53
1771248185266 1.0 54
1771248185360 1.0 55
1771248185453 1.0 56
1771248185548 1.0 57
1771248185645 1.0 58
1771248185745 1.0 59
1771248185842 1.0 60
1771248185939 1.0 61
1771248186034 1.0 62
1771248186127 1.0 63
1771248186219 1.0 64
1771248186313 1.0 65
1771248186406 1.0 66
1771248186500 1.0 67
1771248186595 1.0 68
1771248186690 1.0 69
1771248186785 1.0 70
1771248186854 1.0 71
1771248186935 1.0 71
1771248187089 1.0 71
1771248187182 2.0 72
1771248187275 2.0 73
1771248187371 2.0 74
1771248187468 2.0 75
1771248187561 2.0 76
1771248187659 2.0 77
1771248187756 2.0 78
1771248187853 2.0 79
1771248187952 2.0 80
1771248188047 2.0 81
1771248188141 2.0 82
1771248188235 2.0 83
1771248188325 2.0 84
1771248188417 2.0 85
1771248188509 2.0 86
1771248188603 2.0 87
1771248188699 2.0 88
1771248188795 2.0 89
1771248188890 2.0 90
1771248188987 2.0 91
1771248189081 2.0 92
1771248189173 2.0 93
1771248189265 2.0 94
1771248189421 2.0 95
1771248189517 2.0 96
1771248189616 2.0 97
1771248189716 2.0 98
1771248189814 2.0 99
1771248189909 2.0 100
1771248190002 2.0 101
1771248190093 2.0 102
1771248190192 2.0 103
1771248190285 2.0 104
1771248190386 2.0 105
1771248190483 2.0 106
1771248190556 2.0 107
1771248190638 2.0 107
1771248190795 2.0 107
1771248190892 3.0 108
1771248190986 3.0 109
1771248191079 3.0 110
1771248191174 3.0 111
1771248191273 3.0 112
1771248191375 3.0 113
1771248191472 3.0 114
1771248191570 3.0 115
1771248191667 3.0 116
1771248191767 3.0 117
1771248191865 3.0 118
1771248191960 3.0 119
1771248192055 3.0 120
1771248192152 3.0 121
1771248192265 3.0 122
1771248192362 3.0 123
1771248192459 3.0 124
1771248192554 3.0 125
1771248192649 3.0 126
1771248192743 3.0 127
1771248192842 3.0 128
1771248192939 3.0 129
1771248193033 3.0 130
1771248193128 3.0 131
1771248193230 3.0 132
1771248193325 3.0 133
1771248193420 3.0 134
1771248193517 3.0 135
1771248193613 3.0 136
1771248193714 3.0 137
1771248193816 3.0 138
1771248193917 3.0 139
1771248194014 3.0 140
1771248194106 3.0 141
1771248194198 3.0 142
1771248194270 3.0 143
1771248194407 3.0 143
1771248194563 3.0 143
1771248194658 4.0 144
1771248194760 4.0 145
1771248194850 4.0 146
1771248194943 4.0 147
1771248195034 4.0 148
1771248195127 4.0 149
1771248195219 4.0 150
1771248195310 4.0 151
1771248195401 4.0 152
1771248195494 4.0 153
1771248195586 4.0 154
1771248195684 4.0 155
1771248195780 4.0 156
1771248195875 4.0 157
1771248195972 4.0 158
1771248196068 4.0 159
1771248196163 4.0 160
1771248196255 4.0 161
1771248196349 4.0 162
1771248196445 4.0 163
1771248196541 4.0 164
1771248196633 4.0 165
1771248196726 4.0 166
1771248196825 4.0 167
1771248196917 4.0 168
1771248197008 4.0 169
1771248197097 4.0 170
1771248197187 4.0 171
1771248197278 4.0 172
1771248197368 4.0 173
1771248197457 4.0 174
1771248197551 4.0 175
1771248197648 4.0 176
1771248197741 4.0 177
1771248197836 4.0 178
1771248197903 4.0 179
1771248197986 4.0 179
1771248197990 4.0 179
1771248198085 5.0 180
1771248198181 5.0 181
1771248198275 5.0 182
1771248198368 5.0 183
1771248198462 5.0 184
1771248198559 5.0 185
1771248198653 5.0 186
1771248198755 5.0 187
1771248198853 5.0 188
1771248198947 5.0 189
1771248199042 5.0 190
1771248199136 5.0 191
1771248199230 5.0 192
1771248199370 5.0 193
1771248199478 5.0 194
1771248199572 5.0 195
1771248199673 5.0 196
1771248199770 5.0 197
1771248199866 5.0 198
1771248199961 5.0 199
1771248200053 5.0 200
1771248200144 5.0 201
1771248200240 5.0 202
1771248200333 5.0 203
1771248200425 5.0 204
1771248200518 5.0 205
1771248200612 5.0 206
1771248200705 5.0 207
1771248200800 5.0 208
1771248200889 5.0 209
1771248200980 5.0 210
1771248201072 5.0 211
1771248201160 5.0 212
1771248201250 5.0 213
1771248201342 5.0 214
1771248201409 5.0 215
1771248201491 5.0 215
1771248201497 5.0 215
1771248201590 6.0 216
1771248201687 6.0 217
1771248201779 6.0 218
1771248201871 6.0 219
1771248201963 6.0 220
1771248202057 6.0 221
1771248202152 6.0 222
1771248202244 6.0 223
1771248202338 6.0 224
1771248202435 6.0 225
1771248202528 6.0 226
1771248202621 6.0 227
1771248202715 6.0 228
1771248202810 6.0 229
1771248202902 6.0 230
1771248202997 6.0 231
1771248203094 6.0 232
1771248203187 6.0 233
1771248203280 6.0 234
1771248203377 6.0 235
1771248203472 6.0 236
1771248203564 6.0 237
1771248203661 6.0 238
1771248203759 6.0 239
1771248203858 6.0 240
1771248203955 6.0 241
1771248204048 6.0 242
1771248204138 6.0 243
1771248204230 6.0 244
1771248204357 6.0 245
1771248204480 6.0 246
1771248204574 6.0 247
1771248204669 6.0 248
1771248204793 6.0 249
1771248204883 6.0 250
1771248204958 6.0 251
1771248205043 6.0 251
1771248205325 6.0 251
1771248205417 7.0 252
1771248205513 7.0 253
1771248205612 7.0 254
1771248205706 7.0 255
1771248205800 7.0 256
1771248205894 7.0 257
1771248205985 7.0 258
1771248206078 7.0 259
1771248206171 7.0 260
1771248206263 7.0 261
1771248206356 7.0 262
1771248206450 7.0 263
1771248206546 7.0 264
1771248206641 7.0 265
1771248206737 7.0 266
1771248206829 7.0 267
1771248206922 7.0 268
1771248207015 7.0 269
1771248207109 7.0 270
1771248207202 7.0 271
1771248207299 7.0 272
1771248207391 7.0 273
1771248207485 7.0 274
1771248207580 7.0 275
1771248207680 7.0 276
1771248207776 7.0 277
1771248207879 7.0 278
1771248207973 7.0 279
1771248208066 7.0 280
1771248208158 7.0 281
1771248208251 7.0 282
1771248208347 7.0 283
1771248208438 7.0 284
1771248208531 7.0 285
1771248208631 7.0 286
1771248208701 7.0 287
1771248208787 7.0 287
1771248208946 7.0 287
1771248209041 8.0 288
1771248209134 8.0 289
1771248209229 8.0 290
1771248209361 8.0 291
1771248209466 8.0 292
1771248209562 8.0 293
1771248209660 8.0 294
1771248209760 8.0 295
1771248209859 8.0 296
1771248209954 8.0 297
1771248210050 8.0 298
1771248210146 8.0 299
1771248210236 8.0 300
1771248210331 8.0 301
1771248210425 8.0 302
1771248210521 8.0 303
1771248210618 8.0 304
1771248210714 8.0 305
1771248210809 8.0 306
1771248210904 8.0 307
1771248210999 8.0 308
1771248211093 8.0 309
1771248211188 8.0 310
1771248211282 8.0 311
1771248211373 8.0 312
1771248211464 8.0 313
1771248211556 8.0 314
1771248211654 8.0 315
1771248211747 8.0 316
1771248211842 8.0 317
1771248211935 8.0 318
1771248212027 8.0 319
1771248212117 8.0 320
1771248212208 8.0 321
1771248212302 8.0 322
1771248212371 8.0 323
1771248212452 8.0 323
1771248212456 8.0 323
1771248212549 9.0 324
1771248212643 9.0 325
1771248212735 9.0 326
1771248212828 9.0 327
1771248212922 9.0 328
1771248213018 9.0 329
1771248213116 9.0 330
1771248213209 9.0 331
1771248213309 9.0 332
1771248213401 9.0 333
1771248213492 9.0 334
1771248213584 9.0 335
1771248213678 9.0 336
1771248213773 9.0 337
1771248213868 9.0 338
1771248213959 9.0 339
1771248214049 9.0 340
1771248214139 9.0 341
1771248214228 9.0 342
1771248214335 9.0 343
1771248214452 9.0 344
1771248214548 9.0 345
1771248214645 9.0 346
1771248214738 9.0 347
1771248214833 9.0 348
1771248214928 9.0 349
1771248215022 9.0 350
1771248215116 9.0 351
1771248215212 9.0 352
1771248215308 9.0 353
1771248215405 9.0 354
1771248215499 9.0 355
1771248215597 9.0 356
1771248215692 9.0 357
1771248215789 9.0 358
1771248215863 9.0 359
1771248215949 9.0 359
1771248215955 9.0 359
1771248216050 10.0 360
1771248216147 10.0 361
1771248216240 10.0 362
1771248216336 10.0 363
1771248216432 10.0 364
1771248216526 10.0 365
1771248216619 10.0 366
1771248216712 10.0 367
1771248216809 10.0 368
1771248216903 10.0 369
1771248216996 10.0 370
1771248217091 10.0 371
1771248217185 10.0 372
1771248217279 10.0 373
1771248217372 10.0 374
1771248217464 10.0 375
1771248217557 10.0 376
1771248217656 10.0 377
1771248217753 10.0 378
1771248217853 10.0 379
1771248217953 10.0 380
1771248218047 10.0 381
1771248218142 10.0 382
1771248218234 10.0 383
1771248218328 10.0 384
1771248218422 10.0 385
1771248218516 10.0 386
1771248218612 10.0 387
1771248218705 10.0 388
1771248218801 10.0 389
1771248218899 10.0 390
1771248218994 10.0 391
1771248219086 10.0 392
1771248219181 10.0 393
1771248219279 10.0 394
1771248219401 10.0 395
1771248219485 10.0 395
1771248219491 10.0 395
1771248219593 11.0 396
1771248219690 11.0 397
1771248219785 11.0 398
1771248219882 11.0 399
1771248219977 11.0 400
1771248220073 11.0 401
1771248220166 11.0 402
1771248220258 11.0 403
1771248220352 11.0 404
1771248220448 11.0 405
1771248220542 11.0 406
1771248220638 11.0 407
1771248220729 11.0 408
1771248220826 11.0 409
1771248220921 11.0 410
1771248221014 11.0 411
1771248221108 11.0 412
1771248221201 11.0 413
1771248221293 11.0 414
1771248221388 11.0 415
1771248221483 11.0 416
1771248221576 11.0 417
1771248221674 11.0 418
1771248221770 11.0 419
1771248221867 11.0 420
1771248221964 11.0 421
1771248222060 11.0 422
1771248222157 11.0 423
1771248222250 11.0 424
1771248222347 11.0 425
1771248222441 11.0 426
1771248222537 11.0 427
1771248222630 11.0 428
1771248222724 11.0 429
1771248222818 11.0 430
1771248222891 11.0 431
1771248222974 11.0 431
1771248222979 11.0 431
1771248223073 12.0 432
1771248223169 12.0 433
1771248223261 12.0 434
1771248223360 12.0 435
1771248223453 12.0 436
1771248223547 12.0 437
1771248223645 12.0 438
1771248223743 12.0 439
1771248223842 12.0 440
1771248223942 12.0 441
1771248224035 12.0 442
1771248224129 12.0 443
1771248224222 12.0 444
1771248224364 12.0 445
1771248224467 12.0 446
1771248224565 12.0 447
1771248224660 12.0 448
1771248224757 12.0 449
1771248224853 12.0 450
1771248224946 12.0 451
1771248225036 12.0 452
1771248225129 12.0 453
1771248225223 12.0 454
1771248225321 12.0 455
1771248225415 12.0 456
1771248225511 12.0 457
1771248225606 12.0 458
1771248225703 12.0 459
1771248225798 12.0 460
1771248225897 12.0 461
1771248225990 12.0 462
1771248226087 12.0 463
1771248226181 12.0 464
1771248226274 12.0 465
1771248226369 12.0 466
1771248226442 12.0 467
1771248226523 12.0 467
1771248226528 12.0 467
1771248226627 13.0 468
1771248226730 13.0 469
1771248226830 13.0 470
1771248226926 13.0 471
1771248227023 13.0 472
1771248227123 13.0 473
1771248227219 13.0 474
1771248227320 13.0 475
1771248227424 13.0 476
1771248227527 13.0 477
1771248227631 13.0 478
1771248227731 13.0 479
1771248227834 13.0 480
1771248227933 13.0 481
1771248228031 13.0 482
1771248228130 13.0 483
1771248228223 13.0 484
1771248228322 13.0 485
1771248228416 13.0 486
1771248228508 13.0 487
1771248228607 13.0 488
1771248228702 13.0 489
1771248228796 13.0 490
1771248228894 13.0 491
1771248228990 13.0 492
1771248229084 13.0 493
1771248229181 13.0 494
1771248229283 13.0 495
1771248229422 13.0 496
1771248229519 13.0 497
1771248229619 13.0 498
1771248229713 13.0 499
1771248229807 13.0 500
1771248229902 13.0 501
1771248230004 13.0 502
1771248230075 13.0 503
1771248230161 13.0 503
1771248230166 13.0 503
1771248230262 14.0 504
1771248230355 14.0 505
1771248230450 14.0 506
1771248230542 14.0 507
1771248230641 14.0 508
1771248230736 14.0 509
1771248230833 14.0 510
1771248230925 14.0 511
1771248231020 14.0 512
1771248231123 14.0 513
1771248231218 14.0 514
1771248231313 14.0 515
1771248231414 14.0 516
1771248231510 14.0 517
1771248231609 14.0 518
1771248231709 14.0 519
1771248231808 14.0 520
1771248231907 14.0 521
1771248232004 14.0 522
1771248232101 14.0 523
1771248232200 14.0 524
1771248232297 14.0 525
1771248232391 14.0 526
1771248232485 14.0 527
1771248232577 14.0 528
1771248232671 14.0 529
1771248232770 14.0 530
1771248232861 14.0 531
1771248232953 14.0 532
1771248233048 14.0 533
1771248233145 14.0 534
1771248233241 14.0 535
1771248233336 14.0 536
1771248233429 14.0 537
1771248233525 14.0 538
1771248233598 14.0 539
1771248233681 14.0 539
1771248233685 14.0 539
1771248233781 15.0 540
1771248233885 15.0 541
1771248233989 15.0 542
1771248234086 15.0 543
1771248234182 15.0 544
1771248234291 15.0 545
1771248234432 15.0 546
1771248234534 15.0 547
1771248234630 15.0 548
1771248234726 15.0 549
1771248234819 15.0 550
1771248234917 15.0 551
1771248235013 15.0 552
1771248235104 15.0 553
1771248235195 15.0 554
1771248235290 15.0 555
1771248235381 15.0 556
1771248235472 15.0 557
1771248235566 15.0 558
1771248235667 15.0 559
1771248235761 15.0 560
1771248235858 15.0 561
1771248235955 15.0 562
1771248236049 15.0 563
1771248236143 15.0 564
1771248236238 15.0 565
1771248236332 15.0 566
1771248236429 15.0 567
1771248236525 15.0 568
1771248236621 15.0 569
1771248236723 15.0 570
1771248236825 15.0 571
1771248236924 15.0 572
1771248237019 15.0 573
1771248237113 15.0 574
1771248237182 15.0 575
1771248237270 15.0 575
1771248237275 15.0 575
