1771248183411 501.5400085449219 35
1771248187089 446.409912109375 71
1771248190795 407.1913146972656 107
1771248194563 378.9532165527344 143
1771248197990 355.52923583984375 179
1771248201497 338.08154296875 215
1771248205325 312.4834289550781 251
1771248208946 287.2523193359375 287
1771248212456 270.7716064453125 323
1771248215955 255.4530487060547 359
1771248219491 250.0932159423828 395
1771248222979 237.0957794189453 431
1771248226528 230.34193420410156 467
1771248230166 222.36883544921875 503
1771248233685 215.45828247070312 539
1771248237275 213.3274383544922 575
