1771248179909 770.3431396484375 0
1771248180003 605.5257568359375 1
1771248180097 579.645751953125 2
1771248180192 571.66015625 3
1771248180283 563.7903442382812 4
1771248180378 509.0212707519531 5
1771248180474 475.5237731933594 6
1771248180568 521.45166015625 7
1771248180663 447.4425964355469 8
1771248180757 554.1334228515625 9
1771248180849 461.4737548828125 10
1771248180941 438.1768493652344 11
1771248181033 500.2899169921875 12
1771248181125 461.5260314941406 13
1771248181216 465.7637634277344 14
1771248181307 529.6917724609375 15
1771248181399 420.6466369628906 16
1771248181493 443.82061767578125 17
1771248181585 500.6185302734375 18
1771248181687 490.5350646972656 19
1771248181781 489.0291442871094 20
1771248181875 463.02911376953125 21
1771248181969 467.8489685058594 22
1771248182064 512.2901000976562 23
1771248182156 477.1435546875 24
1771248182249 425.5715637207031 25
1771248182346 545.831787109375 26
1771248182441 472.1797790527344 27
1771248182533 472.6991271972656 28
1771248182624 500.5576171875 29
1771248182718 478.3298645019531 30
1771248182815 483.3584899902344 31
1771248182908 464.2241516113281 32
1771248183000 507.1141357421875 33
1771248183093 488.0084228515625 34
1771248183162 473.4214172363281 35
1771248183504 476.5593566894531 36
1771248183599 479.8761291503906 37
1771248183704 429.2210693359375 38
1771248183798 461.0511169433594 39
1771248183897 483.1162109375 40
1771248183992 472.7024841308594 41
1771248184085 449.26763916015625 42
1771248184183 511.92529296875 43
1771248184282 442.460693359375 44
1771248184417 430.1226806640625 45
1771248184514 403.8754577636719 46
1771248184612 496.9928283691406 47
1771248184704 413.5035095214844 48
1771248184795 446.62774658203125 49
1771248184893 405.5465087890625 50
1771248184987 433.3135986328125 51
1771248185079 437.9009094238281 52
1771248185172 502.2131042480469 53
1771248185266 393.6836242675781 54
1771248185360 445.37701416015625 55
1771248185453 428.2222900390625 56
1771248185548 451.3374328613281 57
1771248185645 433.6160583496094 58
1771248185745 404.43414306640625 59
1771248185842 429.9601745605469 60
1771248185939 487.6045837402344 61
1771248186034 427.4705505371094 62
1771248186127 459.7811279296875 63
1771248186219 427.9427795410156 64
1771248186313 471.6844177246094 65
1771248186406 388.8334045410156 66
1771248186500 412.7273254394531 67
1771248186595 468.2708435058594 68
1771248186690 467.04119873046875 69
1771248186785 468.168212890625 70
1771248186854 330.6725158691406 71
1771248187182 472.1064147949219 72
1771248187275 402.8714294433594 73
1771248187371 393.7941589355469 74
1771248187468 395.6452941894531 75
1771248187561 476.6694030761719 76
1771248187659 403.48193359375 77
1771248187756 414.8226623535156 78
1771248187853 393.64837646484375 79
1771248187952 389.323974609375 80
1771248188047 387.6129150390625 81
1771248188141 390.71673583984375 82
1771248188235 434.5860900878906 83
1771248188325 449.17681884765625 84
1771248188417 458.61492919921875 85
1771248188509 380.41546630859375 86
1771248188603 426.9230651855469 87
1771248188699 394.7142639160156 88
1771248188795 484.9344482421875 89
1771248188890 394.38861083984375 90
1771248188987 418.9874267578125 91
1771248189081 427.146728515625 92
1771248189173 359.533935546875 93
1771248189265 360.78106689453125 94
1771248189421 370.8607482910156 95
1771248189517 420.7676086425781 96
1771248189616 414.6578063964844 97
1771248189716 394.9178466796875 98
1771248189814 406.23455810546875 99
1771248189909 322.607177734375 100
1771248190002 384.0961608886719 101
1771248190093 416.7287902832031 102
1771248190192 420.54638671875 103
1771248190285 413.9447021484375 104
1771248190386 366.5674743652344 105
1771248190483 411.4069519042969 106
1771248190556 390.9649353027344 107
1771248190892 439.4849853515625 108
1771248190986 358.6783752441406 109
1771248191079 414.1826477050781 110
1771248191174 397.21075439453125 111
1771248191273 374.2292175292969 112
1771248191375 374.6830139160156 113
1771248191472 408.8985595703125 114
1771248191570 350.7408447265625 115
1771248191667 398.4847412109375 116
1771248191767 398.9586486816406 117
1771248191865 412.78045654296875 118
1771248191960 391.9016418457031 119
1771248192055 412.2878112792969 120
1771248192152 375.0074462890625 121
1771248192265 380.6666564941406 122
1771248192362 372.2526550292969 123
1771248192459 441.3984069824219 124
1771248192554 354.4170227050781 125
1771248192649 361.0500793457031 126
1771248192743 347.59429931640625 127
1771248192842 373.0394287109375 128
1771248192939 366.9461975097656 129
1771248193033 419.78759765625 130
1771248193128 441.13055419921875 131
1771248193230 356.0483703613281 132
1771248193325 325.1866760253906 133
1771248193420 372.33074951171875 134
1771248193517 349.7314147949219 135
1771248193613 343.1294250488281 136
1771248193714 322.9307861328125 137
1771248193816 329.2824401855469 138
1771248193917 384.7020263671875 139
1771248194014 350.0192565917969 140
1771248194106 381.2969055175781 141
1771248194198 379.3476867675781 142
1771248194270 401.63238525390625 143
1771248194658 369.6710510253906 144
1771248194760 359.94671630859375 145
1771248194850 430.626708984375 146
1771248194943 416.65576171875 147
1771248195034 375.93060302734375 148
1771248195127 360.9654235839844 149
1771248195219 411.68780517578125 150
1771248195310 355.9595947265625 151
1771248195401 404.1928405761719 152
1771248195494 350.0708312988281 153
1771248195586 322.4045104980469 154
1771248195684 332.55413818359375 155
1771248195780 360.0667724609375 156
1771248195875 352.5455017089844 157
1771248195972 366.5789794921875 158
1771248196068 345.4826354980469 159
1771248196163 354.65606689453125 160
1771248196255 296.6640625 161
1771248196349 337.4983825683594 162
1771248196445 357.67315673828125 163
1771248196541 323.3728942871094 164
1771248196633 364.4217529296875 165
1771248196726 333.11376953125 166
1771248196825 323.2899169921875 167
1771248196917 332.84527587890625 168
1771248197008 337.156005859375 169
1771248197097 337.66143798828125 170
1771248197187 324.5051574707031 171
1771248197278 411.0069580078125 172
1771248197368 387.1385192871094 173
1771248197457 322.3641052246094 174
1771248197551 334.2762756347656 175
1771248197648 352.62713623046875 176
1771248197741 340.21112060546875 177
1771248197836 339.471923828125 178
1771248197903 472.2020568847656 179
1771248198085 321.3551940917969 180
1771248198181 343.97906494140625 181
1771248198275 411.6540832519531 182
1771248198368 326.349609375 183
1771248198462 316.9270324707031 184
1771248198559 343.58917236328125 185
1771248198653 299.85595703125 186
1771248198755 380.5776062011719 187
1771248198853 351.4754943847656 188
1771248198947 358.94671630859375 189
1771248199042 352.99884033203125 190
1771248199136 317.2176513671875 191
1771248199230 346.1394958496094 192
1771248199370 374.464599609375 193
1771248199478 285.75531005859375 194
1771248199572 336.5904235839844 195
1771248199673 308.8938293457031 196
1771248199770 319.148681640625 197
1771248199866 346.96185302734375 198
1771248199961 308.3545227050781 199
1771248200053 328.9677734375 200
1771248200144 313.4824523925781 201
1771248200240 387.2832946777344 202
1771248200333 326.4013671875 203
1771248200425 341.8482666015625 204
1771248200518 303.21051025390625 205
1771248200612 379.4244689941406 206
1771248200705 353.4515380859375 207
1771248200800 298.84307861328125 208
1771248200889 348.6234436035156 209
1771248200980 358.4252624511719 210
1771248201072 341.4066162109375 211
1771248201160 351.59698486328125 212
1771248201250 343.63330078125 213
1771248201342 312.5760803222656 214
1771248201409 289.7282409667969 215
1771248201590 328.9895935058594 216
1771248201687 315.8707580566406 217
1771248201779 357.06219482421875 218
1771248201871 327.7962646484375 219
1771248201963 281.1949157714844 220
1771248202057 294.7895812988281 221
1771248202152 307.9952697753906 222
1771248202244 276.9888000488281 223
1771248202338 311.52618408203125 224
1771248202435 337.9124755859375 225
1771248202528 317.49273681640625 226
1771248202621 329.0307312011719 227
1771248202715 300.86962890625 228
1771248202810 333.84619140625 229
1771248202902 329.9119567871094 230
1771248202997 318.9775695800781 231
1771248203094 322.19708251953125 232
1771248203187 299.3486328125 233
1771248203280 293.91546630859375 234
1771248203377 290.5321960449219 235
1771248203472 298.8606872558594 236
1771248203564 321.1795959472656 237
1771248203661 299.236083984375 238
1771248203759 322.06451416015625 239
1771248203858 291.8861083984375 240
1771248203955 354.18597412109375 241
1771248204048 288.4913330078125 242
1771248204138 348.5641784667969 243
1771248204230 332.1029968261719 244
1771248204357 303.2037658691406 245
1771248204480 312.60687255859375 246
1771248204574 297.10736083984375 247
1771248204669 308.6455078125 248
1771248204793 298.9909973144531 249
1771248204883 277.04815673828125 250
1771248204958 354.0595397949219 251
1771248205417 285.5367736816406 252
1771248205513 278.3222351074219 253
1771248205612 234.0939483642578 254
1771248205706 375.4959716796875 255
1771248205800 276.5753479003906 256
1771248205894 311.0002136230469 257
1771248205985 258.8990783691406 258
1771248206078 300.65765380859375 259
1771248206171 287.9084777832031 260
1771248206263 274.6773986816406 261
1771248206356 274.3110656738281 262
1771248206450 288.0583801269531 263
1771248206546 298.6340026855469 264
1771248206641 296.3744201660156 265
1771248206737 285.4100646972656 266
1771248206829 303.2724609375 267
1771248206922 290.0305480957031 268
1771248207015 272.9162292480469 269
1771248207109 316.69775390625 270
1771248207202 274.1628723144531 271
1771248207299 310.32574462890625 272
1771248207391 275.1526794433594 273
1771248207485 298.94000244140625 274
1771248207580 285.9381408691406 275
1771248207680 234.65643310546875 276
1771248207776 320.60931396484375 277
1771248207879 270.6557922363281 278
1771248207973 285.85565185546875 279
1771248208066 277.23284912109375 280
1771248208158 295.502197265625 281
1771248208251 314.7261657714844 282
1771248208347 239.1663818359375 283
1771248208438 303.9591369628906 284
1771248208531 315.95697021484375 285
1771248208631 245.35594177246094 286
1771248208701 266.5354309082031 287
1771248209041 278.50689697265625 288
1771248209134 283.4527282714844 289
1771248209229 271.24365234375 290
1771248209361 237.18019104003906 291
1771248209466 303.5843505859375 292
1771248209562 267.7105712890625 293
1771248209660 290.34759521484375 294
1771248209760 287.3772888183594 295
1771248209859 337.2295837402344 296
1771248209954 273.9762878417969 297
1771248210050 266.7349548339844 298
1771248210146 292.48138427734375 299
1771248210236 235.10653686523438 300
1771248210331 244.56539916992188 301
1771248210425 252.26963806152344 302
1771248210521 273.5772705078125 303
1771248210618 265.1641845703125 304
1771248210714 268.97601318359375 305
1771248210809 237.90261840820312 306
1771248210904 272.804931640625 307
1771248210999 276.4482421875 308
1771248211093 252.2830047607422 309
1771248211188 242.6396484375 310
1771248211282 253.29995727539062 311
1771248211373 255.5295867919922 312
1771248211464 292.377685546875 313
1771248211556 272.1363525390625 314
1771248211654 273.9178466796875 315
1771248211747 258.71881103515625 316
1771248211842 288.0668029785156 317
1771248211935 316.31842041015625 318
1771248212027 277.24951171875 319
1771248212117 264.1007385253906 320
1771248212208 264.18902587890625 321
1771248212302 242.17311096191406 322
1771248212371 317.9125061035156 323
1771248212549 267.06097412109375 324
1771248212643 229.33775329589844 325
1771248212735 236.83389282226562 326
1771248212828 240.31956481933594 327
1771248212922 224.27439880371094 328
1771248213018 254.5933837890625 329
1771248213116 251.9119415283203 330
1771248213209 283.1391296386719 331
1771248213309 236.50613403320312 332
1771248213401 243.8164825439453 333
1771248213492 219.03265380859375 334
1771248213584 240.22463989257812 335
1771248213678 232.7880859375 336
1771248213773 265.1249084472656 337
1771248213868 250.7829132080078 338
1771248213959 300.1638488769531 339
1771248214049 243.89947509765625 340
1771248214139 268.20941162109375 341
1771248214228 252.32354736328125 342
1771248214335 265.8523864746094 343
1771248214452 252.97653198242188 344
1771248214548 275.0347595214844 345
1771248214645 260.5253601074219 346
1771248214738 319.93359375 347
1771248214833 230.516357421875 348
1771248214928 280.9014892578125 349
1771248215022 259.1306457519531 350
1771248215116 249.00465393066406 351
1771248215212 256.31610107421875 352
1771248215308 245.70016479492188 353
1771248215405 241.10797119140625 354
1771248215499 291.8121337890625 355
1771248215597 261.7771301269531 356
1771248215692 249.54339599609375 357
1771248215789 251.9286651611328 358
1771248215863 309.550048828125 359
1771248216050 286.6419677734375 360
1771248216147 265.36907958984375 361
1771248216240 272.198486328125 362
1771248216336 240.80917358398438 363
1771248216432 236.57603454589844 364
1771248216526 254.68548583984375 365
1771248216619 244.6626739501953 366
1771248216712 264.99578857421875 367
1771248216809 246.3704376220703 368
1771248216903 255.57171630859375 369
1771248216996 244.02366638183594 370
1771248217091 241.64291381835938 371
1771248217185 253.20677185058594 372
1771248217279 232.3917236328125 373
1771248217372 266.69854736328125 374
1771248217464 235.84881591796875 375
1771248217557 280.9718017578125 376
1771248217656 254.28955078125 377
1771248217753 263.6459655761719 378
1771248217853 213.98985290527344 379
1771248217953 278.0613098144531 380
1771248218047 237.877197265625 381
1771248218142 287.1092834472656 382
1771248218234 251.248779296875 383
1771248218328 267.1941833496094 384
1771248218422 239.65310668945312 385
1771248218516 238.1368408203125 386
1771248218612 229.8357696533203 387
1771248218705 259.13165283203125 388
1771248218801 251.55142211914062 389
1771248218899 245.7557830810547 390
1771248218994 223.54100036621094 391
1771248219086 232.75009155273438 392
1771248219181 237.07850646972656 393
1771248219279 225.81793212890625 394
1771248219401 211.23411560058594 395
1771248219593 222.7213897705078 396
1771248219690 259.5451354980469 397
1771248219785 224.64976501464844 398
1771248219882 222.2252655029297 399
1771248219977 249.5641326904297 400
1771248220073 264.56854248046875 401
1771248220166 218.554931640625 402
1771248220258 256.159423828125 403
1771248220352 283.47955322265625 404
1771248220448 233.7989044189453 405
1771248220542 250.99740600585938 406
1771248220638 215.99169921875 407
1771248220729 215.76907348632812 408
1771248220826 237.66912841796875 409
1771248220921 244.52334594726562 410
1771248221014 251.1831817626953 411
1771248221108 253.48898315429688 412
1771248221201 216.42636108398438 413
1771248221293 220.0024871826172 414
1771248221388 191.72959899902344 415
1771248221483 303.47064208984375 416
1771248221576 235.12171936035156 417
1771248221674 233.00228881835938 418
1771248221770 245.42433166503906 419
1771248221867 221.5345458984375 420
1771248221964 237.7334747314453 421
1771248222060 247.5880584716797 422
1771248222157 241.87020874023438 423
1771248222250 211.394775390625 424
1771248222347 247.5359344482422 425
1771248222441 228.357666015625 426
1771248222537 222.85475158691406 427
1771248222630 227.6616973876953 428
1771248222724 228.85476684570312 429
1771248222818 239.76522827148438 430
1771248222891 193.15347290039062 431
1771248223073 255.0005645751953 432
1771248223169 239.64218139648438 433
1771248223261 234.0915985107422 434
1771248223360 206.0270538330078 435
1771248223453 215.3506317138672 436
1771248223547 240.35491943359375 437
1771248223645 205.82183837890625 438
1771248223743 213.35842895507812 439
1771248223842 222.89222717285156 440
1771248223942 227.3021240234375 441
1771248224035 259.5203857421875 442
1771248224129 230.97486877441406 443
1771248224222 212.77052307128906 444
1771248224364 226.22958374023438 445
1771248224467 230.4932861328125 446
1771248224565 244.08584594726562 447
1771248224660 217.7213592529297 448
1771248224757 209.39297485351562 449
1771248224853 233.9094696044922 450
1771248224946 282.54852294921875 451
1771248225036 236.08651733398438 452
1771248225129 250.85484313964844 453
1771248225223 218.87229919433594 454
1771248225321 226.1291961669922 455
1771248225415 229.47340393066406 456
1771248225511 208.99057006835938 457
1771248225606 207.80685424804688 458
1771248225703 209.4534149169922 459
1771248225798 259.19537353515625 460
1771248225897 210.77951049804688 461
1771248225990 259.0404052734375 462
1771248226087 249.1045684814453 463
1771248226181 253.19406127929688 464
1771248226274 211.28311157226562 465
1771248226369 225.8008575439453 466
1771248226442 220.19345092773438 467
1771248226627 213.4557342529297 468
1771248226730 222.1143035888672 469
1771248226830 258.9481506347656 470
1771248226926 221.59976196289062 471
1771248227023 210.3764190673828 472
1771248227123 209.6581268310547 473
1771248227219 240.27423095703125 474
1771248227320 234.4149932861328 475
1771248227424 209.20970153808594 476
1771248227527 186.2195281982422 477
1771248227631 198.5543975830078 478
1771248227731 211.27584838867188 479
1771248227834 243.423828125 480
1771248227933 203.29122924804688 481
1771248228031 223.9033660888672 482
1771248228130 235.1111297607422 483
1771248228223 238.70877075195312 484
1771248228322 206.49729919433594 485
1771248228416 253.84910583496094 486
1771248228508 217.7399139404297 487
1771248228607 219.07591247558594 488
1771248228702 243.9181671142578 489
1771248228796 218.0139617919922 490
1771248228894 238.4005889892578 491
1771248228990 214.7525177001953 492
1771248229084 224.39251708984375 493
1771248229181 227.847900390625 494
1771248229283 206.69403076171875 495
1771248229422 220.67237854003906 496
1771248229519 203.28907775878906 497
1771248229619 230.2751007080078 498
1771248229713 221.07797241210938 499
1771248229807 263.6415710449219 500
1771248229902 226.552490234375 501
1771248230004 194.00595092773438 502
1771248230075 169.0859375 503
1771248230262 205.21011352539062 504
1771248230355 204.1483612060547 505
1771248230450 196.5499267578125 506
1771248230542 215.6430206298828 507
1771248230641 223.47132873535156 508
1771248230736 197.40452575683594 509
1771248230833 209.3013916015625 510
1771248230925 214.96705627441406 511
1771248231020 217.27178955078125 512
1771248231123 219.5337371826172 513
1771248231218 207.05853271484375 514
1771248231313 234.4955291748047 515
1771248231414 205.86000061035156 516
1771248231510 213.80416870117188 517
1771248231609 230.64376831054688 518
1771248231709 260.0369873046875 519
1771248231808 221.04147338867188 520
1771248231907 233.16773986816406 521
1771248232004 203.52719116210938 522
1771248232101 219.84092712402344 523
1771248232200 212.37832641601562 524
1771248232297 211.29098510742188 525
1771248232391 207.91558837890625 526
1771248232485 199.58119201660156 527
1771248232577 236.982177734375 528
1771248232671 222.32183837890625 529
1771248232770 189.9483184814453 530
1771248232861 208.258544921875 531
1771248232953 194.8872528076172 532
1771248233048 212.56192016601562 533
1771248233145 210.15985107421875 534
1771248233241 220.30075073242188 535
1771248233336 226.35643005371094 536
1771248233429 200.07003784179688 537
1771248233525 260.9730529785156 538
1771248233598 177.54734802246094 539
1771248233781 209.90887451171875 540
1771248233885 201.1310272216797 541
1771248233989 241.5087432861328 542
1771248234086 176.60633850097656 543
1771248234182 243.3372039794922 544
1771248234291 184.5178985595703 545
1771248234432 200.0138397216797 546
1771248234534 204.5263214111328 547
1771248234630 216.0227813720703 548
1771248234726 236.96986389160156 549
1771248234819 238.94857788085938 550
1771248234917 198.09536743164062 551
1771248235013 212.71295166015625 552
1771248235104 207.87757873535156 553
1771248235195 208.70419311523438 554
1771248235290 276.65283203125 555
1771248235381 228.89076232910156 556
1771248235472 190.2189178466797 557
1771248235566 224.3997039794922 558
1771248235667 185.64852905273438 559
1771248235761 225.58030700683594 560
1771248235858 204.192626953125 561
1771248235955 230.0432586669922 562
1771248236049 187.42897033691406 563
1771248236143 205.47003173828125 564
1771248236238 208.53164672851562 565
1771248236332 206.6634521484375 566
1771248236429 205.45516967773438 567
1771248236525 214.4810333251953 568
1771248236621 227.3808135986328 569
1771248236723 210.6354522705078 570
1771248236825 221.2360076904297 571
1771248236924 225.93309020996094 572
1771248237019 174.41619873046875 573
1771248237113 218.7115020751953 574
1771248237182 300.4252014160156 575
