1771085666939 0.0 0
1771085667042 0.0 1
1771085667142 0.0 2
1771085667243 0.0 3
1771085667345 0.0 4
1771085667446 0.0 5
1771085667560 0.0 6
1771085667666 0.0 7
1771085667773 0.0 8
1771085667880 0.0 9
1771085667983 0.0 10
1771085668089 0.0 11
1771085668191 0.0 12
1771085668296 0.0 13
1771085668396 0.0 14
1771085668499 0.0 15
1771085668602 0.0 16
1771085668705 0.0 17
1771085668804 0.0 18
1771085668903 0.0 19
1771085669004 0.0 20
1771085669106 0.0 21
1771085669207 0.0 22
1771085669319 0.0 23
1771085669417 0.0 24
1771085669519 0.0 25
1771085669618 0.0 26
1771085669716 0.0 27
1771085669813 0.0 28
1771085669908 0.0 29
1771085670018 0.0 30
1771085670129 0.0 31
1771085670238 0.0 32
1771085670351 0.0 33
1771085670465 0.0 34
1771085670553 0.0 35
1771085670664 0.0 35
1771085670945 0.0 35
1771085671087 1.0 36
1771085671249 1.0 37
1771085671366 1.0 38
1771085671467 1.0 39
1771085671577 1.0 40
1771085671705 1.0 41
1771085671810 1.0 42
1771085671924 1.0 43
1771085672036 1.0 44
1771085672149 1.0 45
1771085672252 1.0 46
1771085672378 1.0 47
1771085672532 1.0 48
1771085672642 1.0 49
1771085672775 1.0 50
1771085672944 1.0 51
1771085673050 1.0 52
1771085673157 1.0 53
1771085673262 1.0 54
1771085673368 1.0 55
1771085673472 1.0 56
1771085673592 1.0 57
1771085673710 1.0 58
1771085673821 1.0 59
1771085673930 1.0 60
1771085674059 1.0 61
1771085674179 1.0 62
1771085674298 1.0 63
1771085674430 1.0 64
1771085674545 1.0 65
1771085674666 1.0 66
1771085674773 1.0 67
1771085674896 1.0 68
1771085674999 1.0 69
1771085675103 1.0 70
1771085675188 1.0 71
1771085675284 1.0 71
1771085675470 1.0 71
1771085675595 2.0 72
1771085675696 2.0 73
1771085675822 2.0 74
1771085675927 2.0 75
1771085676063 2.0 76
1771085676214 2.0 77
1771085676386 2.0 78
1771085676500 2.0 79
1771085676605 2.0 80
1771085676712 2.0 81
1771085676811 2.0 82
1771085676916 2.0 83
1771085677015 2.0 84
1771085677120 2.0 85
1771085677218 2.0 86
1771085677324 2.0 87
1771085677430 2.0 88
1771085677541 2.0 89
1771085677653 2.0 90
1771085677760 2.0 91
1771085677865 2.0 92
1771085677968 2.0 93
1771085678073 2.0 94
1771085678180 2.0 95
1771085678281 2.0 96
1771085678386 2.0 97
1771085678488 2.0 98
1771085678589 2.0 99
1771085678694 2.0 100
1771085678793 2.0 101
1771085678894 2.0 102
1771085678998 2.0 103
1771085679099 2.0 104
1771085679198 2.0 105
1771085679302 2.0 106
1771085679383 2.0 107
1771085679475 2.0 107
1771085679645 2.0 107
1771085679752 3.0 108
1771085679852 3.0 109
1771085679956 3.0 110
1771085680059 3.0 111
1771085680168 3.0 112
1771085680267 3.0 113
1771085680378 3.0 114
1771085680482 3.0 115
1771085680603 3.0 116
1771085680714 3.0 117
1771085680836 3.0 118
1771085680953 3.0 119
1771085681056 3.0 120
1771085681162 3.0 121
1771085681264 3.0 122
1771085681366 3.0 123
1771085681465 3.0 124
1771085681565 3.0 125
1771085681672 3.0 126
1771085681777 3.0 127
1771085681884 3.0 128
1771085681984 3.0 129
1771085682085 3.0 130
1771085682191 3.0 131
1771085682289 3.0 132
1771085682390 3.0 133
1771085682495 3.0 134
1771085682600 3.0 135
1771085682711 3.0 136
1771085682818 3.0 137
1771085682927 3.0 138
1771085683036 3.0 139
1771085683143 3.0 140
1771085683247 3.0 141
1771085683353 3.0 142
1771085683435 3.0 143
1771085683524 3.0 143
1771085683699 3.0 143
1771085683803 4.0 144
1771085683905 4.0 145
1771085684008 4.0 146
1771085684113 4.0 147
1771085684222 4.0 148
1771085684325 4.0 149
1771085684428 4.0 150
1771085684529 4.0 151
1771085684636 4.0 152
1771085684737 4.0 153
1771085684838 4.0 154
1771085684948 4.0 155
1771085685052 4.0 156
1771085685162 4.0 157
1771085685265 4.0 158
1771085685369 4.0 159
1771085685474 4.0 160
1771085685571 4.0 161
1771085685678 4.0 162
1771085685820 4.0 163
1771085685922 4.0 164
1771085686023 4.0 165
1771085686122 4.0 166
1771085686228 4.0 167
1771085686333 4.0 168
1771085686438 4.0 169
1771085686537 4.0 170
1771085686648 4.0 171
1771085686756 4.0 172
1771085686855 4.0 173
1771085686955 4.0 174
1771085687049 4.0 175
1771085687160 4.0 176
1771085687276 4.0 177
1771085687439 4.0 178
1771085687560 4.0 179
1771085687734 4.0 179
1771085687744 4.0 179
1771085687879 5.0 180
1771085687983 5.0 181
1771085688086 5.0 182
1771085688193 5.0 183
1771085688292 5.0 184
1771085688402 5.0 185
1771085688505 5.0 186
1771085688609 5.0 187
1771085688720 5.0 188
1771085688819 5.0 189
1771085688927 5.0 190
1771085689028 5.0 191
1771085689130 5.0 192
1771085689230 5.0 193
1771085689332 5.0 194
1771085689444 5.0 195
1771085689545 5.0 196
1771085689646 5.0 197
1771085689747 5.0 198
1771085689845 5.0 199
1771085689944 5.0 200
1771085690041 5.0 201
1771085690142 5.0 202
1771085690245 5.0 203
1771085690344 5.0 204
1771085690451 5.0 205
1771085690552 5.0 206
1771085690666 5.0 207
1771085690814 5.0 208
1771085690933 5.0 209
1771085691050 5.0 210
1771085691171 5.0 211
1771085691273 5.0 212
1771085691374 5.0 213
1771085691477 5.0 214
1771085691552 5.0 215
1771085691643 5.0 215
1771085691807 5.0 215
1771085691918 6.0 216
1771085692026 6.0 217
1771085692132 6.0 218
1771085692244 6.0 219
1771085692347 6.0 220
1771085692460 6.0 221
1771085692568 6.0 222
1771085692683 6.0 223
1771085692791 6.0 224
1771085692901 6.0 225
1771085693005 6.0 226
1771085693109 6.0 227
1771085693212 6.0 228
1771085693321 6.0 229
1771085693431 6.0 230
1771085693539 6.0 231
1771085693647 6.0 232
1771085693778 6.0 233
1771085693922 6.0 234
1771085694024 6.0 235
1771085694121 6.0 236
1771085694224 6.0 237
1771085694322 6.0 238
1771085694423 6.0 239
1771085694520 6.0 240
1771085694621 6.0 241
1771085694726 6.0 242
1771085694826 6.0 243
1771085694927 6.0 244
1771085695030 6.0 245
1771085695133 6.0 246
1771085695245 6.0 247
1771085695350 6.0 248
1771085695457 6.0 249
1771085695557 6.0 250
1771085695639 6.0 251
1771085695742 6.0 251
1771085695934 6.0 251
1771085696035 7.0 252
1771085696138 7.0 253
1771085696242 7.0 254
1771085696341 7.0 255
1771085696438 7.0 256
1771085696540 7.0 257
1771085696642 7.0 258
1771085696754 7.0 259
1771085696861 7.0 260
1771085696966 7.0 261
1771085697067 7.0 262
1771085697172 7.0 263
1771085697275 7.0 264
1771085697374 7.0 265
1771085697483 7.0 266
1771085697588 7.0 267
1771085697698 7.0 268
1771085697803 7.0 269
1771085697907 7.0 270
1771085698018 7.0 271
1771085698121 7.0 272
1771085698227 7.0 273
1771085698328 7.0 274
1771085698443 7.0 275
1771085698552 7.0 276
1771085698655 7.0 277
1771085698759 7.0 278
1771085698876 7.0 279
1771085699006 7.0 280
1771085699141 7.0 281
1771085699255 7.0 282
1771085699353 7.0 283
1771085699456 7.0 284
1771085699559 7.0 285
1771085699662 7.0 286
1771085699740 7.0 287
1771085699890 7.0 287
1771085699901 7.0 287
1771085700045 8.0 288
1771085700178 8.0 289
1771085700283 8.0 290
1771085700388 8.0 291
1771085700501 8.0 292
1771085700602 8.0 293
1771085700729 8.0 294
1771085700846 8.0 295
1771085700958 8.0 296
1771085701059 8.0 297
1771085701161 8.0 298
1771085701269 8.0 299
1771085701372 8.0 300
1771085701479 8.0 301
1771085701583 8.0 302
1771085701702 8.0 303
1771085701809 8.0 304
1771085701920 8.0 305
1771085702032 8.0 306
1771085702137 8.0 307
1771085702241 8.0 308
1771085702345 8.0 309
1771085702463 8.0 310
1771085702569 8.0 311
1771085702678 8.0 312
1771085702788 8.0 313
1771085702894 8.0 314
1771085703003 8.0 315
1771085703110 8.0 316
1771085703215 8.0 317
1771085703321 8.0 318
1771085703431 8.0 319
1771085703534 8.0 320
1771085703635 8.0 321
1771085703738 8.0 322
1771085703813 8.0 323
1771085703903 8.0 323
1771085703909 8.0 323
1771085704014 9.0 324
1771085704117 9.0 325
1771085704229 9.0 326
1771085704329 9.0 327
1771085704439 9.0 328
1771085704544 9.0 329
1771085704647 9.0 330
1771085704750 9.0 331
1771085704850 9.0 332
1771085704955 9.0 333
1771085705057 9.0 334
1771085705161 9.0 335
1771085705267 9.0 336
1771085705367 9.0 337
1771085705472 9.0 338
1771085705575 9.0 339
1771085705679 9.0 340
1771085705810 9.0 341
1771085705912 9.0 342
1771085706014 9.0 343
1771085706116 9.0 344
1771085706219 9.0 345
1771085706316 9.0 346
1771085706413 9.0 347
1771085706512 9.0 348
1771085706608 9.0 349
1771085706723 9.0 350
1771085706824 9.0 351
1771085706927 9.0 352
1771085707031 9.0 353
1771085707132 9.0 354
1771085707232 9.0 355
1771085707331 9.0 356
1771085707444 9.0 357
1771085707557 9.0 358
1771085707641 9.0 359
1771085707885 9.0 359
1771085707891 9.0 359
1771085708000 10.0 360
1771085708105 10.0 361
1771085708247 10.0 362
1771085708349 10.0 363
1771085708455 10.0 364
1771085708557 10.0 365
1771085708660 10.0 366
1771085708779 10.0 367
1771085708883 10.0 368
1771085708986 10.0 369
1771085709087 10.0 370
1771085709196 10.0 371
1771085709301 10.0 372
1771085709402 10.0 373
1771085709513 10.0 374
1771085709615 10.0 375
1771085709721 10.0 376
1771085709826 10.0 377
1771085709928 10.0 378
1771085710029 10.0 379
1771085710130 10.0 380
1771085710235 10.0 381
1771085710343 10.0 382
1771085710445 10.0 383
1771085710570 10.0 384
1771085710849 10.0 385
1771085711008 10.0 386
1771085711115 10.0 387
1771085711220 10.0 388
1771085711323 10.0 389
1771085711430 10.0 390
1771085711539 10.0 391
1771085711639 10.0 392
1771085711750 10.0 393
1771085711853 10.0 394
1771085711932 10.0 395
1771085712030 10.0 395
1771085712035 10.0 395
1771085712145 11.0 396
1771085712251 11.0 397
1771085712357 11.0 398
1771085712465 11.0 399
1771085712573 11.0 400
1771085712688 11.0 401
1771085712800 11.0 402
1771085712910 11.0 403
1771085713017 11.0 404
1771085713124 11.0 405
1771085713226 11.0 406
1771085713331 11.0 407
1771085713436 11.0 408
1771085713545 11.0 409
1771085713646 11.0 410
1771085713746 11.0 411
1771085713853 11.0 412
1771085713960 11.0 413
1771085714073 11.0 414
1771085714227 11.0 415
1771085714344 11.0 416
1771085714450 11.0 417
1771085714555 11.0 418
1771085714661 11.0 419
1771085714766 11.0 420
1771085714868 11.0 421
1771085714974 11.0 422
1771085715082 11.0 423
1771085715194 11.0 424
1771085715302 11.0 425
1771085715405 11.0 426
1771085715519 11.0 427
1771085715618 11.0 428
1771085715722 11.0 429
1771085715848 11.0 430
1771085715923 11.0 431
1771085716021 11.0 431
1771085716026 11.0 431
1771085716125 12.0 432
1771085716234 12.0 433
1771085716341 12.0 434
1771085716448 12.0 435
1771085716559 12.0 436
1771085716668 12.0 437
1771085716779 12.0 438
1771085716883 12.0 439
1771085716995 12.0 440
1771085717099 12.0 441
1771085717204 12.0 442
1771085717305 12.0 443
1771085717408 12.0 444
1771085717510 12.0 445
1771085717621 12.0 446
1771085717733 12.0 447
1771085717842 12.0 448
1771085717952 12.0 449
1771085718058 12.0 450
1771085718161 12.0 451
1771085718270 12.0 452
1771085718372 12.0 453
1771085718478 12.0 454
1771085718579 12.0 455
1771085718686 12.0 456
1771085718789 12.0 457
1771085718890 12.0 458
1771085718996 12.0 459
1771085719104 12.0 460
1771085719210 12.0 461
1771085719311 12.0 462
1771085719408 12.0 463
1771085719508 12.0 464
1771085719606 12.0 465
1771085719711 12.0 466
1771085719798 12.0 467
1771085719884 12.0 467
1771085719889 12.0 467
1771085720039 13.0 468
1771085720135 13.0 469
1771085720243 13.0 470
1771085720348 13.0 471
1771085720449 13.0 472
1771085720557 13.0 473
1771085720663 13.0 474
1771085720805 13.0 475
1771085720941 13.0 476
1771085721060 13.0 477
1771085721165 13.0 478
1771085721275 13.0 479
1771085721376 13.0 480
1771085721477 13.0 481
1771085721580 13.0 482
1771085721693 13.0 483
1771085721810 13.0 484
1771085721921 13.0 485
1771085722047 13.0 486
1771085722156 13.0 487
1771085722280 13.0 488
1771085722407 13.0 489
1771085722569 13.0 490
1771085722712 13.0 491
1771085722975 13.0 492
1771085723090 13.0 493
1771085723191 13.0 494
1771085723295 13.0 495
1771085723396 13.0 496
1771085723510 13.0 497
1771085723612 13.0 498
1771085723710 13.0 499
1771085723811 13.0 500
1771085723914 13.0 501
1771085724012 13.0 502
1771085724086 13.0 503
1771085724172 13.0 503
1771085724177 13.0 503
1771085724280 14.0 504
1771085724378 14.0 505
1771085724480 14.0 506
1771085724580 14.0 507
1771085724681 14.0 508
1771085724781 14.0 509
1771085724878 14.0 510
1771085724990 14.0 511
1771085725094 14.0 512
1771085725197 14.0 513
1771085725293 14.0 514
1771085725389 14.0 515
1771085725492 14.0 516
1771085725608 14.0 517
1771085725709 14.0 518
1771085725849 14.0 519
1771085725946 14.0 520
1771085726056 14.0 521
1771085726158 14.0 522
1771085726268 14.0 523
1771085726366 14.0 524
1771085726463 14.0 525
1771085726572 14.0 526
1771085726673 14.0 527
1771085726773 14.0 528
1771085726867 14.0 529
1771085727014 14.0 530
1771085727126 14.0 531
1771085727222 14.0 532
1771085727314 14.0 533
1771085727407 14.0 534
1771085727503 14.0 535
1771085727601 14.0 536
1771085727702 14.0 537
1771085727805 14.0 538
1771085727880 14.0 539
1771085727968 14.0 539
1771085727973 14.0 539
1771085728082 15.0 540
1771085728174 15.0 541
1771085728270 15.0 542
1771085728366 15.0 543
1771085728464 15.0 544
1771085728564 15.0 545
1771085728663 15.0 546
1771085728756 15.0 547
1771085728852 15.0 548
1771085728946 15.0 549
1771085729043 15.0 550
1771085729140 15.0 551
1771085729237 15.0 552
1771085729333 15.0 553
1771085729427 15.0 554
1771085729534 15.0 555
1771085729632 15.0 556
1771085729727 15.0 557
1771085729827 15.0 558
1771085729922 15.0 559
1771085730020 15.0 560
1771085730117 15.0 561
1771085730213 15.0 562
1771085730311 15.0 563
1771085730406 15.0 564
1771085730500 15.0 565
1771085730599 15.0 566
1771085730699 15.0 567
1771085730834 15.0 568
1771085730925 15.0 569
1771085731025 15.0 570
1771085731124 15.0 571
1771085731221 15.0 572
1771085731326 15.0 573
1771085731424 15.0 574
1771085731496 15.0 575
1771085731585 15.0 575
1771085731589 15.0 575
