1771085670945 501.540283203125 35
1771085675470 446.4097900390625 71
1771085679645 407.9688415527344 107
1771085683699 379.9277648925781 143
1771085687744 353.2248229980469 179
1771085691807 333.9206237792969 215
1771085695934 309.9073791503906 251
1771085699901 288.2945861816406 287
1771085703909 269.7974548339844 323
1771085707891 256.51715087890625 359
1771085712035 244.15289306640625 395
1771085716026 235.74688720703125 431
1771085719889 226.50633239746094 467
1771085724177 223.2853546142578 503
1771085727973 216.47454833984375 539
1771085731589 208.36717224121094 575
