1771085666939 770.3431396484375 0
1771085667042 605.5257568359375 1
1771085667142 579.645751953125 2
1771085667243 571.6602172851562 3
1771085667345 563.7903442382812 4
1771085667446 509.0213928222656 5
1771085667560 475.5237731933594 6
1771085667666 521.45166015625 7
1771085667773 447.4425964355469 8
1771085667880 554.1333618164062 9
1771085667983 461.4737548828125 10
1771085668089 438.1768493652344 11
1771085668191 500.289794921875 12
1771085668296 461.5260314941406 13
1771085668396 465.7637634277344 14
1771085668499 529.6914672851562 15
1771085668602 420.646484375 16
1771085668705 443.8207092285156 17
1771085668804 500.6188659667969 18
1771085668903 490.53607177734375 19
1771085669004 489.0302429199219 20
1771085669106 463.0300598144531 21
1771085669207 467.8487854003906 22
1771085669319 512.2897338867188 23
1771085669417 477.14337158203125 24
1771085669519 425.5718688964844 25
1771085669618 545.8318481445312 26
1771085669716 472.17938232421875 27
1771085669813 472.6988220214844 28
1771085669908 500.55853271484375 29
1771085670018 478.3304443359375 30
1771085670129 483.35894775390625 31
1771085670238 464.2258605957031 32
1771085670351 507.1138000488281 33
1771085670465 488.0077819824219 34
1771085670553 473.4215087890625 35
1771085671087 476.559814453125 36
1771085671249 479.87469482421875 37
1771085671366 429.22076416015625 38
1771085671467 461.04986572265625 39
1771085671577 483.115966796875 40
1771085671705 472.70196533203125 41
1771085671810 449.2679138183594 42
1771085671924 511.9259948730469 43
1771085672036 442.4613037109375 44
1771085672149 430.1232604980469 45
1771085672252 403.8751525878906 46
1771085672378 496.9927062988281 47
1771085672532 413.5033264160156 48
1771085672642 446.6283874511719 49
1771085672775 405.5480041503906 50
1771085672944 433.3175048828125 51
1771085673050 437.9039001464844 52
1771085673157 502.2107238769531 53
1771085673262 393.6844177246094 54
1771085673368 445.3697509765625 55
1771085673472 428.2229919433594 56
1771085673592 451.34521484375 57
1771085673710 433.6254577636719 58
1771085673821 404.440185546875 59
1771085673930 429.96246337890625 60
1771085674059 487.6048889160156 61
1771085674179 427.4586486816406 62
1771085674298 459.7569885253906 63
1771085674430 427.9228210449219 64
1771085674545 471.6741638183594 65
1771085674666 388.82855224609375 66
1771085674773 412.7352600097656 67
1771085674896 468.26629638671875 68
1771085674999 467.0434875488281 69
1771085675103 468.193359375 70
1771085675188 330.7442932128906 71
1771085675595 472.1208801269531 72
1771085675696 402.87255859375 73
1771085675822 393.7210388183594 74
1771085675927 395.21649169921875 75
1771085676063 476.1339111328125 76
1771085676214 403.0041198730469 77
1771085676386 415.0653076171875 78
1771085676500 393.2955627441406 79
1771085676605 390.3155822753906 80
1771085676712 388.6366882324219 81
1771085676811 392.1929016113281 82
1771085676916 435.04779052734375 83
1771085677015 448.9375 84
1771085677120 459.59368896484375 85
1771085677218 381.8687744140625 86
1771085677324 430.2515563964844 87
1771085677430 396.53192138671875 88
1771085677541 483.5491943359375 89
1771085677653 393.1184387207031 90
1771085677760 419.0699462890625 91
1771085677865 424.3505554199219 92
1771085677968 363.44244384765625 93
1771085678073 364.0218811035156 94
1771085678180 370.5807800292969 95
1771085678281 426.6556091308594 96
1771085678386 415.0074768066406 97
1771085678488 390.1668701171875 98
1771085678589 404.3752746582031 99
1771085678694 325.1665344238281 100
1771085678793 383.17333984375 101
1771085678894 415.3798828125 102
1771085678998 424.6614990234375 103
1771085679099 415.1421813964844 104
1771085679198 369.2347412109375 105
1771085679302 419.6610412597656 106
1771085679383 390.984130859375 107
1771085679752 444.493408203125 108
1771085679852 359.6690673828125 109
1771085679956 416.70428466796875 110
1771085680059 399.2359619140625 111
1771085680168 384.55438232421875 112
1771085680267 381.67498779296875 113
1771085680378 408.5596008300781 114
1771085680482 355.0091857910156 115
1771085680603 397.0660095214844 116
1771085680714 405.6724548339844 117
1771085680836 418.2612609863281 118
1771085680953 395.034912109375 119
1771085681056 418.92529296875 120
1771085681162 378.03228759765625 121
1771085681264 384.55059814453125 122
1771085681366 392.5859680175781 123
1771085681465 454.8513488769531 124
1771085681565 354.7177429199219 125
1771085681672 347.3580017089844 126
1771085681777 338.1475830078125 127
1771085681884 372.5464172363281 128
1771085681984 373.8219909667969 129
1771085682085 411.3201904296875 130
1771085682191 439.4674987792969 131
1771085682289 351.130859375 132
1771085682390 327.0696105957031 133
1771085682495 363.31048583984375 134
1771085682600 347.8175048828125 135
1771085682711 342.53143310546875 136
1771085682818 317.616455078125 137
1771085682927 328.0987548828125 138
1771085683036 382.4101257324219 139
1771085683143 354.5253601074219 140
1771085683247 375.6733093261719 141
1771085683353 372.3822937011719 142
1771085683435 396.862060546875 143
1771085683803 368.3821716308594 144
1771085683905 363.9676818847656 145
1771085684008 433.8821716308594 146
1771085684113 421.6299133300781 147
1771085684222 385.4064636230469 148
1771085684325 350.128173828125 149
1771085684428 395.39178466796875 150
1771085684529 335.58319091796875 151
1771085684636 403.7159729003906 152
1771085684737 346.6767883300781 153
1771085684838 321.050537109375 154
1771085684948 347.8077087402344 155
1771085685052 354.580078125 156
1771085685162 356.36181640625 157
1771085685265 369.5357360839844 158
1771085685369 342.9456787109375 159
1771085685474 357.34613037109375 160
1771085685571 295.3695068359375 161
1771085685678 334.0072937011719 162
1771085685820 358.57049560546875 163
1771085685922 328.45379638671875 164
1771085686023 360.24639892578125 165
1771085686122 326.5631103515625 166
1771085686228 332.52984619140625 167
1771085686333 334.4553527832031 168
1771085686438 329.87152099609375 169
1771085686537 321.1568908691406 170
1771085686648 340.59930419921875 171
1771085686756 393.5059509277344 172
1771085686855 365.5010070800781 173
1771085686955 326.15997314453125 174
1771085687049 334.033935546875 175
1771085687160 340.38995361328125 176
1771085687276 337.98382568359375 177
1771085687439 336.0804443359375 178
1771085687560 436.4178771972656 179
1771085687879 319.51708984375 180
1771085687983 365.33203125 181
1771085688086 403.1734313964844 182
1771085688193 325.0238952636719 183
1771085688292 314.2392883300781 184
1771085688402 333.0030822753906 185
1771085688505 294.8598327636719 186
1771085688609 373.609619140625 187
1771085688720 348.40838623046875 188
1771085688819 361.7431640625 189
1771085688927 341.6466369628906 190
1771085689028 304.72515869140625 191
1771085689130 319.4594421386719 192
1771085689230 359.37713623046875 193
1771085689332 286.8380126953125 194
1771085689444 334.323974609375 195
1771085689545 318.5349426269531 196
1771085689646 319.0221252441406 197
1771085689747 334.90179443359375 198
1771085689845 315.0071105957031 199
1771085689944 323.16546630859375 200
1771085690041 308.8758544921875 201
1771085690142 397.2508239746094 202
1771085690245 326.2254943847656 203
1771085690344 333.4510803222656 204
1771085690451 298.7040100097656 205
1771085690552 373.1915588378906 206
1771085690666 350.3013916015625 207
1771085690814 304.8512268066406 208
1771085690933 340.65863037109375 209
1771085691050 360.62554931640625 210
1771085691171 346.4585876464844 211
1771085691273 340.5577087402344 212
1771085691374 326.54034423828125 213
1771085691477 294.08697509765625 214
1771085691552 266.9145812988281 215
1771085691918 320.0206604003906 216
1771085692026 323.5284118652344 217
1771085692132 369.7819519042969 218
1771085692244 322.5931701660156 219
1771085692347 273.9510192871094 220
1771085692460 290.458740234375 221
1771085692568 317.1021728515625 222
1771085692683 277.4443664550781 223
1771085692791 310.9653015136719 224
1771085692901 336.9556579589844 225
1771085693005 311.3733215332031 226
1771085693109 325.3383483886719 227
1771085693212 295.8202819824219 228
1771085693321 324.6965026855469 229
1771085693431 329.9580383300781 230
1771085693539 322.3977355957031 231
1771085693647 328.6849365234375 232
1771085693778 306.0262756347656 233
1771085693922 295.67730712890625 234
1771085694024 287.5116271972656 235
1771085694121 296.0457763671875 236
1771085694224 315.59735107421875 237
1771085694322 287.96435546875 238
1771085694423 311.3782653808594 239
1771085694520 282.0507507324219 240
1771085694621 342.97210693359375 241
1771085694726 279.3834533691406 242
1771085694826 346.983642578125 243
1771085694927 324.41754150390625 244
1771085695030 292.4906005859375 245
1771085695133 316.24432373046875 246
1771085695245 299.8269348144531 247
1771085695350 299.04022216796875 248
1771085695457 298.5682373046875 249
1771085695557 273.1224365234375 250
1771085695639 376.3786926269531 251
1771085696035 286.8630676269531 252
1771085696138 283.4881896972656 253
1771085696242 232.3306427001953 254
1771085696341 362.12548828125 255
1771085696438 283.1351013183594 256
1771085696540 303.90008544921875 257
1771085696642 257.573486328125 258
1771085696754 309.1177062988281 259
1771085696861 289.9171142578125 260
1771085696966 277.3332824707031 261
1771085697067 269.26617431640625 262
1771085697172 291.8407287597656 263
1771085697275 306.3675842285156 264
1771085697374 302.2437438964844 265
1771085697483 300.8985290527344 266
1771085697588 315.6796875 267
1771085697698 289.9510498046875 268
1771085697803 269.60174560546875 269
1771085697907 318.0373229980469 270
1771085698018 275.16748046875 271
1771085698121 324.6636962890625 272
1771085698227 270.544921875 273
1771085698328 294.9206848144531 274
1771085698443 288.3058776855469 275
1771085698552 246.1056671142578 276
1771085698655 314.39544677734375 277
1771085698759 278.57196044921875 278
1771085698876 287.177734375 279
1771085699006 268.3778076171875 280
1771085699141 289.0695495605469 281
1771085699255 322.97650146484375 282
1771085699353 236.71176147460938 283
1771085699456 304.9722900390625 284
1771085699559 296.150146484375 285
1771085699662 247.75389099121094 286
1771085699740 254.85238647460938 287
1771085700045 291.5031433105469 288
1771085700178 285.2371826171875 289
1771085700283 271.0901184082031 290
1771085700388 231.600830078125 291
1771085700501 305.7525329589844 292
1771085700602 268.2997131347656 293
1771085700729 290.1796569824219 294
1771085700846 279.156494140625 295
1771085700958 333.1477966308594 296
1771085701059 270.7908630371094 297
1771085701161 270.572509765625 298
1771085701269 294.9466247558594 299
1771085701372 234.0238800048828 300
1771085701479 243.81935119628906 301
1771085701583 247.67559814453125 302
1771085701702 265.0364685058594 303
1771085701809 268.7728576660156 304
1771085701920 281.3994140625 305
1771085702032 241.44117736816406 306
1771085702137 283.5529479980469 307
1771085702241 270.9298095703125 308
1771085702345 247.62503051757812 309
1771085702463 230.97987365722656 310
1771085702569 251.51507568359375 311
1771085702678 253.02310180664062 312
1771085702788 301.596923828125 313
1771085702894 264.21246337890625 314
1771085703003 276.72509765625 315
1771085703110 247.8311004638672 316
1771085703215 281.71441650390625 317
1771085703321 312.14886474609375 318
1771085703431 264.9363708496094 319
1771085703534 267.53173828125 320
1771085703635 260.55352783203125 321
1771085703738 251.1653594970703 322
1771085703813 285.30194091796875 323
1771085704014 269.7071838378906 324
1771085704117 245.10964965820312 325
1771085704229 243.1026153564453 326
1771085704329 246.0450439453125 327
1771085704439 234.8480224609375 328
1771085704544 266.2345275878906 329
1771085704647 249.0028839111328 330
1771085704750 291.0282287597656 331
1771085704850 235.75863647460938 332
1771085704955 227.91429138183594 333
1771085705057 217.0587921142578 334
1771085705161 239.57273864746094 335
1771085705267 236.83023071289062 336
1771085705367 265.1527099609375 337
1771085705472 249.09556579589844 338
1771085705575 287.66204833984375 339
1771085705679 231.93545532226562 340
1771085705810 267.012451171875 341
1771085705912 250.00559997558594 342
1771085706014 272.4071350097656 343
1771085706116 253.65333557128906 344
1771085706219 267.18084716796875 345
1771085706316 260.5277099609375 346
1771085706413 328.5072326660156 347
1771085706512 238.66830444335938 348
1771085706608 271.0334777832031 349
1771085706723 250.85777282714844 350
1771085706824 249.02842712402344 351
1771085706927 255.85073852539062 352
1771085707031 262.4490661621094 353
1771085707132 246.1387939453125 354
1771085707232 282.64599609375 355
1771085707331 258.6200866699219 356
1771085707444 263.9624328613281 357
1771085707557 255.93695068359375 358
1771085707641 304.8658752441406 359
1771085708000 261.9219970703125 360
1771085708105 248.16139221191406 361
1771085708247 259.6341247558594 362
1771085708349 242.7610626220703 363
1771085708455 227.18423461914062 364
1771085708557 237.41505432128906 365
1771085708660 227.55348205566406 366
1771085708779 267.49017333984375 367
1771085708883 232.01893615722656 368
1771085708986 249.0218505859375 369
1771085709087 243.3887481689453 370
1771085709196 231.2544403076172 371
1771085709301 245.59336853027344 372
1771085709402 224.50906372070312 373
1771085709513 270.21026611328125 374
1771085709615 239.64158630371094 375
1771085709721 276.3965759277344 376
1771085709826 248.6538848876953 377
1771085709928 255.1144256591797 378
1771085710029 216.5211944580078 379
1771085710130 281.9610900878906 380
1771085710235 236.3221435546875 381
1771085710343 288.82568359375 382
1771085710445 226.01513671875 383
1771085710570 269.5958251953125 384
1771085710849 232.26573181152344 385
1771085711008 241.42921447753906 386
1771085711115 238.24533081054688 387
1771085711220 263.98822021484375 388
1771085711323 245.1107635498047 389
1771085711430 230.3870391845703 390
1771085711539 226.55723571777344 391
1771085711639 225.3319854736328 392
1771085711750 222.95193481445312 393
1771085711853 216.88304138183594 394
1771085711932 212.38211059570312 395
1771085712145 219.69296264648438 396
1771085712251 263.1705017089844 397
1771085712357 229.17013549804688 398
1771085712465 212.7098388671875 399
1771085712573 245.2080841064453 400
1771085712688 248.3541259765625 401
1771085712800 208.34088134765625 402
1771085712910 244.94224548339844 403
1771085713017 270.554443359375 404
1771085713124 216.8709259033203 405
1771085713226 243.4148406982422 406
1771085713331 218.0122833251953 407
1771085713436 216.0506591796875 408
1771085713545 227.7848358154297 409
1771085713646 233.73951721191406 410
1771085713746 237.71917724609375 411
1771085713853 239.5629425048828 412
1771085713960 224.07022094726562 413
1771085714073 224.2733612060547 414
1771085714227 200.29251098632812 415
1771085714344 292.50579833984375 416
1771085714450 235.7632598876953 417
1771085714555 234.73362731933594 418
1771085714661 251.13833618164062 419
1771085714766 223.53372192382812 420
1771085714868 254.86732482910156 421
1771085714974 249.2509765625 422
1771085715082 254.79811096191406 423
1771085715194 216.04945373535156 424
1771085715302 264.6798095703125 425
1771085715405 228.0604705810547 426
1771085715519 233.52085876464844 427
1771085715618 232.34922790527344 428
1771085715722 213.3629150390625 429
1771085715848 246.45916748046875 430
1771085715923 211.0036163330078 431
1771085716125 248.107666015625 432
1771085716234 247.795654296875 433
1771085716341 231.07015991210938 434
1771085716448 206.1190185546875 435
1771085716559 210.66397094726562 436
1771085716668 244.97142028808594 437
1771085716779 216.43133544921875 438
1771085716883 211.7998809814453 439
1771085716995 224.09060668945312 440
1771085717099 217.5842742919922 441
1771085717204 257.6341857910156 442
1771085717305 228.44476318359375 443
1771085717408 212.7780303955078 444
1771085717510 216.4007110595703 445
1771085717621 229.4842987060547 446
1771085717733 233.37767028808594 447
1771085717842 210.53787231445312 448
1771085717952 205.35321044921875 449
1771085718058 232.38619995117188 450
1771085718161 270.2938537597656 451
1771085718270 225.01136779785156 452
1771085718372 257.653076171875 453
1771085718478 217.9281005859375 454
1771085718579 220.48289489746094 455
1771085718686 228.456298828125 456
1771085718789 200.0982666015625 457
1771085718890 211.14907836914062 458
1771085718996 207.93336486816406 459
1771085719104 239.62681579589844 460
1771085719210 208.28929138183594 461
1771085719311 246.50970458984375 462
1771085719408 243.54818725585938 463
1771085719508 253.81849670410156 464
1771085719606 202.64674377441406 465
1771085719711 211.3710479736328 466
1771085719798 212.9004364013672 467
1771085720039 219.61460876464844 468
1771085720135 231.52243041992188 469
1771085720243 262.04827880859375 470
1771085720348 217.4366455078125 471
1771085720449 209.81320190429688 472
1771085720557 208.66957092285156 473
1771085720663 238.95660400390625 474
1771085720805 238.54348754882812 475
1771085720941 223.29818725585938 476
1771085721060 192.89781188964844 477
1771085721165 200.45623779296875 478
1771085721275 210.71954345703125 479
1771085721376 251.34048461914062 480
1771085721477 207.29742431640625 481
1771085721580 233.18260192871094 482
1771085721693 244.04080200195312 483
1771085721810 232.13034057617188 484
1771085721921 209.64598083496094 485
1771085722047 260.3746032714844 486
1771085722156 212.0173797607422 487
1771085722280 216.23095703125 488
1771085722407 232.1511993408203 489
1771085722569 209.0629119873047 490
1771085722712 228.5077667236328 491
1771085722975 214.51075744628906 492
1771085723090 229.87759399414062 493
1771085723191 227.8649444580078 494
1771085723295 207.6960906982422 495
1771085723396 221.6795196533203 496
1771085723510 204.3177032470703 497
1771085723612 221.96702575683594 498
1771085723710 224.64939880371094 499
1771085723811 257.5427551269531 500
1771085723914 226.5381622314453 501
1771085724012 195.78968811035156 502
1771085724086 175.88621520996094 503
1771085724280 209.31886291503906 504
1771085724378 224.87109375 505
1771085724480 196.77684020996094 506
1771085724580 220.03555297851562 507
1771085724681 226.144287109375 508
1771085724781 194.70779418945312 509
1771085724878 218.82106018066406 510
1771085724990 222.53379821777344 511
1771085725094 230.9336395263672 512
1771085725197 215.00823974609375 513
1771085725293 218.185546875 514
1771085725389 234.1939697265625 515
1771085725492 218.6219482421875 516
1771085725608 214.46461486816406 517
1771085725709 231.3603057861328 518
1771085725849 250.68601989746094 519
1771085725946 222.78598022460938 520
1771085726056 245.2826385498047 521
1771085726158 201.28660583496094 522
1771085726268 215.0006103515625 523
1771085726366 213.20193481445312 524
1771085726463 211.9786834716797 525
1771085726572 205.6207275390625 526
1771085726673 198.3472900390625 527
1771085726773 241.35556030273438 528
1771085726867 218.42539978027344 529
1771085727014 192.3338165283203 530
1771085727126 213.67868041992188 531
1771085727222 186.98558044433594 532
1771085727314 198.83148193359375 533
1771085727407 209.46487426757812 534
1771085727503 219.96612548828125 535
1771085727601 220.35133361816406 536
1771085727702 190.32363891601562 537
1771085727805 248.06942749023438 538
1771085727880 195.0675048828125 539
1771085728082 201.05462646484375 540
1771085728174 204.63833618164062 541
1771085728270 226.4350128173828 542
1771085728366 169.69317626953125 543
1771085728464 234.973388671875 544
1771085728564 174.4404754638672 545
1771085728663 196.40113830566406 546
1771085728756 197.28521728515625 547
1771085728852 194.57249450683594 548
1771085728946 217.868896484375 549
1771085729043 234.27700805664062 550
1771085729140 209.60707092285156 551
1771085729237 199.45941162109375 552
1771085729333 206.07701110839844 553
1771085729427 212.0245361328125 554
1771085729534 273.71295166015625 555
1771085729632 226.93479919433594 556
1771085729727 178.21841430664062 557
1771085729827 221.8038330078125 558
1771085729922 184.66151428222656 559
1771085730020 220.7541961669922 560
1771085730117 201.7774658203125 561
1771085730213 231.24497985839844 562
1771085730311 185.35545349121094 563
1771085730406 193.79539489746094 564
1771085730500 195.25526428222656 565
1771085730599 210.0137481689453 566
1771085730699 210.1782684326172 567
1771085730834 204.40609741210938 568
1771085730925 219.43167114257812 569
1771085731025 215.82785034179688 570
1771085731124 217.12139892578125 571
1771085731221 223.17123413085938 572
1771085731326 181.3537139892578 573
1771085731424 206.33407592773438 574
1771085731496 289.5834655761719 575
