1771074070148 0.0 0
1771074070264 0.0 1
1771074070402 0.0 2
1771074070517 0.0 3
1771074070633 0.0 4
1771074070764 0.0 5
1771074070885 0.0 6
1771074070999 0.0 7
1771074071135 0.0 8
1771074071267 0.0 9
1771074071395 0.0 10
1771074071517 0.0 11
1771074071650 0.0 12
1771074071797 0.0 13
1771074071930 0.0 14
1771074072053 0.0 15
1771074072185 0.0 16
1771074072323 0.0 17
1771074072531 0.0 18
1771074072689 0.0 19
1771074072828 0.0 20
1771074072964 0.0 21
1771074073096 0.0 22
1771074073223 0.0 23
1771074073362 0.0 24
1771074073476 0.0 25
1771074073603 0.0 26
1771074073732 0.0 27
1771074073854 0.0 28
1771074074013 0.0 29
1771074074150 0.0 30
1771074074273 0.0 31
1771074074408 0.0 32
1771074074536 0.0 33
1771074074669 0.0 34
1771074074775 0.0 35
1771074074888 0.0 35
1771074075103 0.0 35
1771074075237 1.0 36
1771074075385 1.0 37
1771074075508 1.0 38
1771074075640 1.0 39
1771074075756 1.0 40
1771074075882 1.0 41
1771074075997 1.0 42
1771074076118 1.0 43
1771074076242 1.0 44
1771074076368 1.0 45
1771074076490 1.0 46
1771074076614 1.0 47
1771074076739 1.0 48
1771074076865 1.0 49
1771074076989 1.0 50
1771074077104 1.0 51
1771074077222 1.0 52
1771074077335 1.0 53
1771074077463 1.0 54
1771074077587 1.0 55
1771074077717 1.0 56
1771074077837 1.0 57
1771074077964 1.0 58
1771074078093 1.0 59
1771074078212 1.0 60
1771074078332 1.0 61
1771074078467 1.0 62
1771074078591 1.0 63
1771074078727 1.0 64
1771074078852 1.0 65
1771074078964 1.0 66
1771074079092 1.0 67
1771074079215 1.0 68
1771074079335 1.0 69
1771074079468 1.0 70
1771074079556 1.0 71
1771074079667 1.0 71
1771074079872 1.0 71
1771074079995 2.0 72
1771074080104 2.0 73
1771074080229 2.0 74
1771074080353 2.0 75
1771074080497 2.0 76
1771074080644 2.0 77
1771074080767 2.0 78
1771074080892 2.0 79
1771074081015 2.0 80
1771074081144 2.0 81
1771074081267 2.0 82
1771074081396 2.0 83
1771074081510 2.0 84
1771074081645 2.0 85
1771074081759 2.0 86
1771074081871 2.0 87
1771074081980 2.0 88
1771074082090 2.0 89
1771074082243 2.0 90
1771074082371 2.0 91
1771074082494 2.0 92
1771074082623 2.0 93
1771074082751 2.0 94
1771074082865 2.0 95
1771074082994 2.0 96
1771074083113 2.0 97
1771074083232 2.0 98
1771074083350 2.0 99
1771074083475 2.0 100
1771074083600 2.0 101
1771074083732 2.0 102
1771074083851 2.0 103
1771074083984 2.0 104
1771074084108 2.0 105
1771074084316 2.0 106
1771074084414 2.0 107
1771074084522 2.0 107
1771074084740 2.0 107
1771074084864 3.0 108
1771074084987 3.0 109
1771074085106 3.0 110
1771074085468 3.0 111
1771074085595 3.0 112
1771074085738 3.0 113
1771074085872 3.0 114
1771074085996 3.0 115
1771074086120 3.0 116
1771074086245 3.0 117
1771074086361 3.0 118
1771074086497 3.0 119
1771074086617 3.0 120
1771074086739 3.0 121
1771074086856 3.0 122
1771074086978 3.0 123
1771074087101 3.0 124
1771074087251 3.0 125
1771074087374 3.0 126
1771074087512 3.0 127
1771074087640 3.0 128
1771074087785 3.0 129
1771074087923 3.0 130
1771074088055 3.0 131
1771074088195 3.0 132
1771074088335 3.0 133
1771074088474 3.0 134
1771074088609 3.0 135
1771074088745 3.0 136
1771074088877 3.0 137
1771074089003 3.0 138
1771074089139 3.0 139
1771074089275 3.0 140
1771074089407 3.0 141
1771074089531 3.0 142
1771074089621 3.0 143
1771074089732 3.0 143
1771074089948 3.0 143
1771074090081 4.0 144
1771074090220 4.0 145
1771074090450 4.0 146
1771074090591 4.0 147
1771074090726 4.0 148
1771074090853 4.0 149
1771074090974 4.0 150
1771074091095 4.0 151
1771074091215 4.0 152
1771074091333 4.0 153
1771074091474 4.0 154
1771074091629 4.0 155
1771074091777 4.0 156
1771074091899 4.0 157
1771074092023 4.0 158
1771074092143 4.0 159
1771074092273 4.0 160
1771074092395 4.0 161
1771074092525 4.0 162
1771074092645 4.0 163
1771074092792 4.0 164
1771074092918 4.0 165
1771074093042 4.0 166
1771074093172 4.0 167
1771074093293 4.0 168
1771074093417 4.0 169
1771074093543 4.0 170
1771074093666 4.0 171
1771074093798 4.0 172
1771074093925 4.0 173
1771074094067 4.0 174
1771074094204 4.0 175
1771074094323 4.0 176
1771074094455 4.0 177
1771074094577 4.0 178
1771074094670 4.0 179
1771074094777 4.0 179
1771074094783 4.0 179
1771074094906 5.0 180
1771074095031 5.0 181
1771074095154 5.0 182
1771074095292 5.0 183
1771074095462 5.0 184
1771074095595 5.0 185
1771074095733 5.0 186
1771074095865 5.0 187
1771074095994 5.0 188
1771074096127 5.0 189
1771074096255 5.0 190
1771074096389 5.0 191
1771074096523 5.0 192
1771074096639 5.0 193
1771074096820 5.0 194
1771074097062 5.0 195
1771074097199 5.0 196
1771074097329 5.0 197
1771074097461 5.0 198
1771074097599 5.0 199
1771074097744 5.0 200
1771074097873 5.0 201
1771074098024 5.0 202
1771074098164 5.0 203
1771074098315 5.0 204
1771074098455 5.0 205
1771074098596 5.0 206
1771074098746 5.0 207
1771074098888 5.0 208
1771074099011 5.0 209
1771074099146 5.0 210
1771074099281 5.0 211
1771074099412 5.0 212
1771074099538 5.0 213
1771074099683 5.0 214
1771074099781 5.0 215
1771074099887 5.0 215
1771074100096 5.0 215
1771074100220 6.0 216
1771074100365 6.0 217
1771074100500 6.0 218
1771074100623 6.0 219
1771074100764 6.0 220
1771074100890 6.0 221
1771074101027 6.0 222
1771074101157 6.0 223
1771074101286 6.0 224
1771074101410 6.0 225
1771074101532 6.0 226
1771074101653 6.0 227
1771074101781 6.0 228
1771074101908 6.0 229
1771074102033 6.0 230
1771074102163 6.0 231
1771074102298 6.0 232
1771074102434 6.0 233
1771074102566 6.0 234
1771074102705 6.0 235
1771074102829 6.0 236
1771074102960 6.0 237
1771074103091 6.0 238
1771074103222 6.0 239
1771074103348 6.0 240
1771074103478 6.0 241
1771074103607 6.0 242
1771074103747 6.0 243
1771074103871 6.0 244
1771074103996 6.0 245
1771074104123 6.0 246
1771074104262 6.0 247
1771074104383 6.0 248
1771074104514 6.0 249
1771074104638 6.0 250
1771074104735 6.0 251
1771074104844 6.0 251
1771074104851 6.0 251
1771074104981 7.0 252
1771074105110 7.0 253
1771074105242 7.0 254
1771074105400 7.0 255
1771074105532 7.0 256
1771074105668 7.0 257
1771074105801 7.0 258
1771074105933 7.0 259
1771074106080 7.0 260
1771074106238 7.0 261
1771074106359 7.0 262
1771074106491 7.0 263
1771074106613 7.0 264
1771074106769 7.0 265
1771074106955 7.0 266
1771074107078 7.0 267
1771074107200 7.0 268
1771074107329 7.0 269
1771074107467 7.0 270
1771074107599 7.0 271
1771074107734 7.0 272
1771074107859 7.0 273
1771074108001 7.0 274
1771074108131 7.0 275
1771074108256 7.0 276
1771074108383 7.0 277
1771074108516 7.0 278
1771074108640 7.0 279
1771074108837 7.0 280
1771074108976 7.0 281
1771074109101 7.0 282
1771074109231 7.0 283
1771074109357 7.0 284
1771074109495 7.0 285
1771074109631 7.0 286
1771074109728 7.0 287
1771074109845 7.0 287
1771074109851 7.0 287
1771074109988 8.0 288
1771074110118 8.0 289
1771074110248 8.0 290
1771074110409 8.0 291
1771074110539 8.0 292
1771074110663 8.0 293
1771074110801 8.0 294
1771074110938 8.0 295
1771074111065 8.0 296
1771074111205 8.0 297
1771074111336 8.0 298
1771074111466 8.0 299
1771074111596 8.0 300
1771074111738 8.0 301
1771074111868 8.0 302
1771074112006 8.0 303
1771074112128 8.0 304
1771074112264 8.0 305
1771074112400 8.0 306
1771074112547 8.0 307
1771074112684 8.0 308
1771074112821 8.0 309
1771074112958 8.0 310
1771074113089 8.0 311
1771074113215 8.0 312
1771074113343 8.0 313
1771074113477 8.0 314
1771074113616 8.0 315
1771074113755 8.0 316
1771074113892 8.0 317
1771074114029 8.0 318
1771074114158 8.0 319
1771074114291 8.0 320
1771074114421 8.0 321
1771074114551 8.0 322
1771074114647 8.0 323
1771074114775 8.0 323
1771074114782 8.0 323
1771074114918 9.0 324
1771074115050 9.0 325
1771074115182 9.0 326
1771074115320 9.0 327
1771074115490 9.0 328
1771074115633 9.0 329
1771074115771 9.0 330
1771074115901 9.0 331
1771074116043 9.0 332
1771074116175 9.0 333
1771074116308 9.0 334
1771074116438 9.0 335
1771074116570 9.0 336
1771074116705 9.0 337
1771074116833 9.0 338
1771074116975 9.0 339
1771074117111 9.0 340
1771074117250 9.0 341
1771074117375 9.0 342
1771074117517 9.0 343
1771074117655 9.0 344
1771074117795 9.0 345
1771074117924 9.0 346
1771074118063 9.0 347
1771074118194 9.0 348
1771074118328 9.0 349
1771074118469 9.0 350
1771074118620 9.0 351
1771074118758 9.0 352
1771074118884 9.0 353
1771074119030 9.0 354
1771074119168 9.0 355
1771074119313 9.0 356
1771074119451 9.0 357
1771074119596 9.0 358
1771074119698 9.0 359
1771074119821 9.0 359
1771074119827 9.0 359
1771074119972 10.0 360
1771074120113 10.0 361
1771074120251 10.0 362
1771074120419 10.0 363
1771074120556 10.0 364
1771074120689 10.0 365
1771074120825 10.0 366
1771074120972 10.0 367
1771074121183 10.0 368
1771074121314 10.0 369
1771074121448 10.0 370
1771074121592 10.0 371
1771074121752 10.0 372
1771074121888 10.0 373
1771074122023 10.0 374
1771074122150 10.0 375
1771074122282 10.0 376
1771074122431 10.0 377
1771074122642 10.0 378
1771074122786 10.0 379
1771074122927 10.0 380
1771074123065 10.0 381
1771074123196 10.0 382
1771074123338 10.0 383
1771074123484 10.0 384
1771074123617 10.0 385
1771074123784 10.0 386
1771074123929 10.0 387
1771074124072 10.0 388
1771074124239 10.0 389
1771074124377 10.0 390
1771074124519 10.0 391
1771074124656 10.0 392
1771074124788 10.0 393
1771074124922 10.0 394
1771074125035 10.0 395
1771074125149 10.0 395
1771074125154 10.0 395
1771074125295 11.0 396
1771074125470 11.0 397
1771074125618 11.0 398
1771074125757 11.0 399
1771074125886 11.0 400
1771074126023 11.0 401
1771074126159 11.0 402
1771074126297 11.0 403
1771074126436 11.0 404
1771074126571 11.0 405
1771074126710 11.0 406
1771074126857 11.0 407
1771074126995 11.0 408
1771074127135 11.0 409
1771074127275 11.0 410
1771074127408 11.0 411
1771074127553 11.0 412
1771074127692 11.0 413
1771074127828 11.0 414
1771074127961 11.0 415
1771074128091 11.0 416
1771074128249 11.0 417
1771074128398 11.0 418
1771074128536 11.0 419
1771074128667 11.0 420
1771074128843 11.0 421
1771074128995 11.0 422
1771074129145 11.0 423
1771074129297 11.0 424
1771074129432 11.0 425
1771074129555 11.0 426
1771074129695 11.0 427
1771074129811 11.0 428
1771074129951 11.0 429
1771074130095 11.0 430
1771074130200 11.0 431
1771074130341 11.0 431
1771074130351 11.0 431
1771074130510 12.0 432
1771074130630 12.0 433
1771074130750 12.0 434
1771074130864 12.0 435
1771074130978 12.0 436
1771074131093 12.0 437
1771074131210 12.0 438
1771074131327 12.0 439
1771074131442 12.0 440
1771074131599 12.0 441
1771074131759 12.0 442
1771074131906 12.0 443
1771074132045 12.0 444
1771074132159 12.0 445
1771074132285 12.0 446
1771074132435 12.0 447
1771074132593 12.0 448
1771074132725 12.0 449
1771074132857 12.0 450
1771074132993 12.0 451
1771074133124 12.0 452
1771074133259 12.0 453
1771074133383 12.0 454
1771074133498 12.0 455
1771074133614 12.0 456
1771074133760 12.0 457
1771074133871 12.0 458
1771074134057 12.0 459
1771074134171 12.0 460
1771074134290 12.0 461
1771074134406 12.0 462
1771074134532 12.0 463
1771074134646 12.0 464
1771074134774 12.0 465
1771074134891 12.0 466
1771074134976 12.0 467
1771074135079 12.0 467
1771074135085 12.0 467
1771074135225 13.0 468
1771074135398 13.0 469
1771074135522 13.0 470
1771074135647 13.0 471
1771074135778 13.0 472
1771074135891 13.0 473
1771074136006 13.0 474
1771074136123 13.0 475
1771074136240 13.0 476
1771074136356 13.0 477
1771074136474 13.0 478
1771074136592 13.0 479
1771074136712 13.0 480
1771074136829 13.0 481
1771074136942 13.0 482
1771074137072 13.0 483
1771074137195 13.0 484
1771074137339 13.0 485
1771074137478 13.0 486
1771074137625 13.0 487
1771074137770 13.0 488
1771074137905 13.0 489
1771074138025 13.0 490
1771074138149 13.0 491
1771074138267 13.0 492
1771074138384 13.0 493
1771074138504 13.0 494
1771074138650 13.0 495
1771074138808 13.0 496
1771074138964 13.0 497
1771074139121 13.0 498
1771074139264 13.0 499
1771074139456 13.0 500
1771074139601 13.0 501
1771074139755 13.0 502
1771074139858 13.0 503
1771074139980 13.0 503
1771074139989 13.0 503
1771074140120 14.0 504
1771074140238 14.0 505
1771074140385 14.0 506
1771074140510 14.0 507
1771074140687 14.0 508
1771074140861 14.0 509
1771074140978 14.0 510
1771074141098 14.0 511
1771074141214 14.0 512
1771074141331 14.0 513
1771074141446 14.0 514
1771074141569 14.0 515
1771074141706 14.0 516
1771074141831 14.0 517
1771074141948 14.0 518
1771074142070 14.0 519
1771074142190 14.0 520
1771074142303 14.0 521
1771074142422 14.0 522
1771074142545 14.0 523
1771074142671 14.0 524
1771074142791 14.0 525
1771074142912 14.0 526
1771074143031 14.0 527
1771074143161 14.0 528
1771074143289 14.0 529
1771074143419 14.0 530
1771074143557 14.0 531
1771074143702 14.0 532
1771074143839 14.0 533
1771074143978 14.0 534
1771074144119 14.0 535
1771074144237 14.0 536
1771074144354 14.0 537
1771074144472 14.0 538
1771074144558 14.0 539
1771074144668 14.0 539
1771074144677 14.0 539
1771074144802 15.0 540
1771074144916 15.0 541
1771074145035 15.0 542
1771074145151 15.0 543
1771074145265 15.0 544
1771074145414 15.0 545
1771074145536 15.0 546
1771074145676 15.0 547
1771074145808 15.0 548
1771074145930 15.0 549
1771074146054 15.0 550
1771074146248 15.0 551
1771074146367 15.0 552
1771074146484 15.0 553
1771074146604 15.0 554
1771074146724 15.0 555
1771074146840 15.0 556
1771074146955 15.0 557
1771074147090 15.0 558
1771074147199 15.0 559
1771074147314 15.0 560
1771074147425 15.0 561
1771074147546 15.0 562
1771074147673 15.0 563
1771074147804 15.0 564
1771074147921 15.0 565
1771074148039 15.0 566
1771074148157 15.0 567
1771074148275 15.0 568
1771074148392 15.0 569
1771074148509 15.0 570
1771074148634 15.0 571
1771074148762 15.0 572
1771074148887 15.0 573
1771074149007 15.0 574
1771074149094 15.0 575
1771074149200 15.0 575
1771074149208 15.0 575
1771074149328 16.0 576
1771074149442 16.0 577
1771074149562 16.0 578
1771074149698 16.0 579
1771074149833 16.0 580
1771074149949 16.0 581
1771074150067 16.0 582
1771074150186 16.0 583
1771074150307 16.0 584
1771074150463 16.0 585
1771074150580 16.0 586
1771074150710 16.0 587
1771074150827 16.0 588
1771074150940 16.0 589
1771074151064 16.0 590
1771074151179 16.0 591
1771074151300 16.0 592
1771074151415 16.0 593
1771074151531 16.0 594
1771074151659 16.0 595
1771074151786 16.0 596
1771074151907 16.0 597
1771074152036 16.0 598
1771074152158 16.0 599
1771074152274 16.0 600
1771074152388 16.0 601
1771074152499 16.0 602
1771074152635 16.0 603
1771074152767 16.0 604
1771074152885 16.0 605
1771074153002 16.0 606
1771074153124 16.0 607
1771074153243 16.0 608
1771074153375 16.0 609
1771074153491 16.0 610
1771074153582 16.0 611
1771074153703 16.0 611
1771074153709 16.0 611
1771074153840 17.0 612
1771074153956 17.0 613
1771074154076 17.0 614
1771074154225 17.0 615
1771074154343 17.0 616
1771074154466 17.0 617
1771074154588 17.0 618
1771074154717 17.0 619
1771074154836 17.0 620
1771074154957 17.0 621
1771074155082 17.0 622
1771074155200 17.0 623
1771074155321 17.0 624
1771074155466 17.0 625
1771074155589 17.0 626
1771074155714 17.0 627
1771074155845 17.0 628
1771074155965 17.0 629
1771074156102 17.0 630
1771074156216 17.0 631
1771074156344 17.0 632
1771074156459 17.0 633
1771074156589 17.0 634
1771074156720 17.0 635
1771074156854 17.0 636
1771074156975 17.0 637
1771074157095 17.0 638
1771074157214 17.0 639
1771074157335 17.0 640
1771074157451 17.0 641
1771074157586 17.0 642
1771074157721 17.0 643
1771074157841 17.0 644
1771074157955 17.0 645
1771074158073 17.0 646
1771074158164 17.0 647
1771074158268 17.0 647
1771074158274 17.0 647
1771074158397 18.0 648
1771074158511 18.0 649
1771074158632 18.0 650
1771074158770 18.0 651
1771074158892 18.0 652
1771074159008 18.0 653
1771074159127 18.0 654
1771074159246 18.0 655
1771074159373 18.0 656
1771074159565 18.0 657
1771074159696 18.0 658
1771074159826 18.0 659
1771074159944 18.0 660
1771074160063 18.0 661
1771074160182 18.0 662
1771074160299 18.0 663
1771074160456 18.0 664
1771074160575 18.0 665
1771074160701 18.0 666
1771074160829 18.0 667
1771074160950 18.0 668
1771074161071 18.0 669
1771074161192 18.0 670
1771074161309 18.0 671
1771074161432 18.0 672
1771074161552 18.0 673
1771074161684 18.0 674
1771074161806 18.0 675
1771074161924 18.0 676
1771074162044 18.0 677
1771074162163 18.0 678
1771074162279 18.0 679
1771074162396 18.0 680
1771074162515 18.0 681
1771074162638 18.0 682
1771074162726 18.0 683
1771074162832 18.0 683
1771074162839 18.0 683
