1771074075103 503.1655578613281 35
1771074079872 453.7479248046875 71
1771074084740 407.1107482910156 107
1771074089948 377.6564025878906 143
1771074094783 350.9418640136719 179
1771074100096 333.2634582519531 215
1771074104851 313.87548828125 251
1771074109851 295.7320251464844 287
1771074114782 272.89093017578125 323
1771074119827 254.8461456298828 359
1771074125154 234.46603393554688 395
1771074130351 220.64927673339844 431
1771074135085 212.4860382080078 467
1771074139989 204.30503845214844 503
1771074144677 197.95274353027344 539
1771074149208 194.1704864501953 575
1771074153709 192.18499755859375 611
1771074158274 184.34388732910156 647
1771074162839 180.72044372558594 683
