1771074070148 697.4457397460938 0
1771074070264 563.6115112304688 1
1771074070402 586.5052490234375 2
1771074070517 568.137451171875 3
1771074070633 568.0615844726562 4
1771074070764 514.1038818359375 5
1771074070885 464.1706237792969 6
1771074070999 546.5703735351562 7
1771074071135 479.30303955078125 8
1771074071267 551.6664428710938 9
1771074071395 473.0219421386719 10
1771074071517 442.7151794433594 11
1771074071650 511.055419921875 12
1771074071797 464.8802795410156 13
1771074071930 464.95477294921875 14
1771074072053 537.7437133789062 15
1771074072185 429.0630187988281 16
1771074072323 451.2670593261719 17
1771074072531 523.7465209960938 18
1771074072689 477.95538330078125 19
1771074072828 496.7967529296875 20
1771074072964 446.39801025390625 21
1771074073096 480.1979675292969 22
1771074073223 508.9168395996094 23
1771074073362 481.8457946777344 24
1771074073476 427.84893798828125 25
1771074073603 570.8600463867188 26
1771074073732 470.3175354003906 27
1771074073854 467.09356689453125 28
1771074074013 486.0617370605469 29
1771074074150 508.7009582519531 30
1771074074273 479.51898193359375 31
1771074074408 480.3094177246094 32
1771074074536 512.6248168945312 33
1771074074669 486.234619140625 34
1771074074775 446.1318359375 35
1771074075237 480.361572265625 36
1771074075385 487.2991638183594 37
1771074075508 435.2864990234375 38
1771074075640 456.3565979003906 39
1771074075756 482.8538818359375 40
1771074075882 458.1886901855469 41
1771074075997 465.311279296875 42
1771074076118 535.103515625 43
1771074076242 463.6627502441406 44
1771074076368 414.6013488769531 45
1771074076490 393.25640869140625 46
1771074076614 486.1180419921875 47
1771074076739 420.210693359375 48
1771074076865 420.923583984375 49
1771074076989 390.1941833496094 50
1771074077104 444.71954345703125 51
1771074077222 483.3475036621094 52
1771074077335 555.8786010742188 53
1771074077463 440.7646179199219 54
1771074077587 463.8998107910156 55
1771074077717 442.5914306640625 56
1771074077837 464.75018310546875 57
1771074077964 436.67779541015625 58
1771074078093 426.068603515625 59
1771074078212 452.32080078125 60
1771074078332 525.7507934570312 61
1771074078467 416.4020690917969 62
1771074078591 401.2762145996094 63
1771074078727 437.13348388671875 64
1771074078852 472.3020935058594 65
1771074078964 404.225830078125 66
1771074079092 461.31207275390625 67
1771074079215 482.5936279296875 68
1771074079335 452.8625183105469 69
1771074079468 438.5935974121094 70
1771074079556 376.7936096191406 71
1771074079995 441.5565185546875 72
1771074080104 385.7303771972656 73
1771074080229 385.31109619140625 74
1771074080353 372.289306640625 75
1771074080497 449.6820068359375 76
1771074080644 432.86767578125 77
1771074080767 412.038330078125 78
1771074080892 379.80755615234375 79
1771074081015 397.79571533203125 80
1771074081144 394.1317443847656 81
1771074081267 388.60882568359375 82
1771074081396 418.83624267578125 83
1771074081510 474.6565246582031 84
1771074081645 442.85009765625 85
1771074081759 367.7552795410156 86
1771074081871 427.4005432128906 87
1771074081980 422.1603088378906 88
1771074082090 488.7779846191406 89
1771074082243 404.57147216796875 90
1771074082371 410.2250061035156 91
1771074082494 436.4513854980469 92
1771074082623 356.1078186035156 93
1771074082751 368.3666076660156 94
1771074082865 372.2766418457031 95
1771074082994 404.90606689453125 96
1771074083113 423.0855407714844 97
1771074083232 399.0555419921875 98
1771074083350 399.968994140625 99
1771074083475 342.67620849609375 100
1771074083600 384.8177185058594 101
1771074083732 422.756103515625 102
1771074083851 416.870361328125 103
1771074083984 441.1497802734375 104
1771074084108 396.4796447753906 105
1771074084316 391.3871154785156 106
1771074084414 378.1229553222656 107
1771074084864 408.7862243652344 108
1771074084987 354.45538330078125 109
1771074085106 416.7362060546875 110
1771074085468 400.2646484375 111
1771074085595 388.71343994140625 112
1771074085738 392.3055114746094 113
1771074085872 427.8074035644531 114
1771074085996 368.305908203125 115
1771074086120 430.17193603515625 116
1771074086245 401.8611145019531 117
1771074086361 417.3431701660156 118
1771074086497 390.6910400390625 119
1771074086617 391.435546875 120
1771074086739 365.44256591796875 121
1771074086856 368.7696228027344 122
1771074086978 375.8293762207031 123
1771074087101 457.78387451171875 124
1771074087251 344.2866516113281 125
1771074087374 337.0580749511719 126
1771074087512 350.8327941894531 127
1771074087640 385.13751220703125 128
1771074087785 391.1048583984375 129
1771074087923 403.0093688964844 130
1771074088055 423.79168701171875 131
1771074088195 345.0285949707031 132
1771074088335 319.2732238769531 133
1771074088474 372.7721862792969 134
1771074088609 338.937255859375 135
1771074088745 340.2611083984375 136
1771074088877 321.0269775390625 137
1771074089003 338.26434326171875 138
1771074089139 370.80438232421875 139
1771074089275 334.57147216796875 140
1771074089407 366.3322448730469 141
1771074089531 378.9117126464844 142
1771074089621 376.7934875488281 143
1771074090081 380.0459899902344 144
1771074090220 353.71124267578125 145
1771074090450 406.97509765625 146
1771074090591 406.0144348144531 147
1771074090726 373.02734375 148
1771074090853 345.06671142578125 149
1771074090974 375.4831848144531 150
1771074091095 348.0182800292969 151
1771074091215 407.2517395019531 152
1771074091333 356.31103515625 153
1771074091474 348.8027648925781 154
1771074091629 336.85333251953125 155
1771074091777 362.8205261230469 156
1771074091899 333.2698974609375 157
1771074092023 364.5470275878906 158
1771074092143 357.74700927734375 159
1771074092273 368.7242126464844 160
1771074092395 313.674560546875 161
1771074092525 321.9842834472656 162
1771074092645 344.8221740722656 163
1771074092792 331.4624328613281 164
1771074092918 362.6651306152344 165
1771074093042 327.25604248046875 166
1771074093172 306.028076171875 167
1771074093293 349.7777099609375 168
1771074093417 323.63934326171875 169
1771074093543 338.8064270019531 170
1771074093666 304.12774658203125 171
1771074093798 388.64520263671875 172
1771074093925 340.0931091308594 173
1771074094067 330.99163818359375 174
1771074094204 345.3937683105469 175
1771074094323 331.4327087402344 176
1771074094455 343.30487060546875 177
1771074094577 339.93890380859375 178
1771074094670 442.1479187011719 179
1771074094906 304.06597900390625 180
1771074095031 333.8135681152344 181
1771074095154 383.4891052246094 182
1771074095292 325.52642822265625 183
1771074095462 327.1319885253906 184
1771074095595 323.0084228515625 185
1771074095733 283.8249816894531 186
1771074095865 371.5659484863281 187
1771074095994 337.0857849121094 188
1771074096127 363.757568359375 189
1771074096255 334.1416015625 190
1771074096389 296.850830078125 191
1771074096523 309.39892578125 192
1771074096639 351.509521484375 193
1771074096820 295.5801086425781 194
1771074097062 323.75421142578125 195
1771074097199 313.87603759765625 196
1771074097329 329.13037109375 197
1771074097461 342.9690246582031 198
1771074097599 320.1738586425781 199
1771074097744 324.5992126464844 200
1771074097873 317.98822021484375 201
1771074098024 411.5170593261719 202
1771074098164 334.0954895019531 203
1771074098315 350.2003479003906 204
1771074098455 313.4779968261719 205
1771074098596 381.1026916503906 206
1771074098746 364.2619934082031 207
1771074098888 306.6027526855469 208
1771074099011 339.3893737792969 209
1771074099146 350.03424072265625 210
1771074099281 314.7231750488281 211
1771074099412 351.68450927734375 212
1771074099538 330.8876647949219 213
1771074099683 307.37896728515625 214
1771074099781 305.2530822753906 215
1771074100220 334.85284423828125 216
1771074100365 312.1632080078125 217
1771074100500 347.9173278808594 218
1771074100623 325.8362731933594 219
1771074100764 273.19134521484375 220
1771074100890 307.9206237792969 221
1771074101027 311.95245361328125 222
1771074101157 272.5264587402344 223
1771074101286 332.6060485839844 224
1771074101410 326.5411682128906 225
1771074101532 308.06854248046875 226
1771074101653 305.40234375 227
1771074101781 312.3159484863281 228
1771074101908 321.54669189453125 229
1771074102033 318.2989196777344 230
1771074102163 321.9182434082031 231
1771074102298 348.62506103515625 232
1771074102434 302.2169189453125 233
1771074102566 314.96844482421875 234
1771074102705 305.51007080078125 235
1771074102829 323.4464111328125 236
1771074102960 314.3273620605469 237
1771074103091 286.2346496582031 238
1771074103222 336.861572265625 239
1771074103348 302.1382751464844 240
1771074103478 341.8717956542969 241
1771074103607 299.18975830078125 242
1771074103747 328.5584411621094 243
1771074103871 318.96832275390625 244
1771074103996 306.8697204589844 245
1771074104123 311.5357360839844 246
1771074104262 281.56561279296875 247
1771074104383 310.8055114746094 248
1771074104514 326.3443908691406 249
1771074104638 283.7357177734375 250
1771074104735 370.25335693359375 251
1771074104981 263.63330078125 252
1771074105110 283.20721435546875 253
1771074105242 251.79766845703125 254
1771074105400 383.26666259765625 255
1771074105532 285.0249328613281 256
1771074105668 309.5982666015625 257
1771074105801 254.93603515625 258
1771074105933 295.99017333984375 259
1771074106080 284.7082214355469 260
1771074106238 281.63836669921875 261
1771074106359 274.028564453125 262
1771074106491 312.2304992675781 263
1771074106613 314.1168518066406 264
1771074106769 294.97265625 265
1771074106955 278.0310363769531 266
1771074107078 336.57366943359375 267
1771074107200 298.6078186035156 268
1771074107329 294.7522277832031 269
1771074107467 317.3668518066406 270
1771074107599 279.98175048828125 271
1771074107734 312.65234375 272
1771074107859 296.91949462890625 273
1771074108001 336.4063720703125 274
1771074108131 295.29266357421875 275
1771074108256 261.24871826171875 276
1771074108383 329.8812561035156 277
1771074108516 280.98297119140625 278
1771074108640 294.7250671386719 279
1771074108837 270.21405029296875 280
1771074108976 317.45098876953125 281
1771074109101 346.1593017578125 282
1771074109231 256.21734619140625 283
1771074109357 313.3640441894531 284
1771074109495 307.85858154296875 285
1771074109631 241.20912170410156 286
1771074109728 267.4217529296875 287
1771074109988 298.8782653808594 288
1771074110118 281.2995910644531 289
1771074110248 264.5603332519531 290
1771074110409 233.3912353515625 291
1771074110539 306.3945007324219 292
1771074110663 281.0570373535156 293
1771074110801 316.8343200683594 294
1771074110938 302.9175109863281 295
1771074111065 330.0523986816406 296
1771074111205 261.9394226074219 297
1771074111336 291.6667175292969 298
1771074111466 305.560302734375 299
1771074111596 243.7093048095703 300
1771074111738 268.9149475097656 301
1771074111868 254.6925506591797 302
1771074112006 261.9686279296875 303
1771074112128 256.2735290527344 304
1771074112264 262.8963317871094 305
1771074112400 234.14840698242188 306
1771074112547 304.5609130859375 307
1771074112684 253.10964965820312 308
1771074112821 260.87530517578125 309
1771074112958 247.836181640625 310
1771074113089 239.15074157714844 311
1771074113215 255.54302978515625 312
1771074113343 286.3258361816406 313
1771074113477 271.54827880859375 314
1771074113616 263.3079528808594 315
1771074113755 251.22488403320312 316
1771074113892 312.1436462402344 317
1771074114029 313.3489990234375 318
1771074114158 261.8834533691406 319
1771074114291 277.0340881347656 320
1771074114421 253.8162384033203 321
1771074114551 236.65420532226562 322
1771074114647 309.1246643066406 323
1771074114918 290.9767150878906 324
1771074115050 245.79302978515625 325
1771074115182 238.5218505859375 326
1771074115320 249.9786376953125 327
1771074115490 229.96539306640625 328
1771074115633 251.65834045410156 329
1771074115771 225.2846221923828 330
1771074115901 271.65234375 331
1771074116043 251.61892700195312 332
1771074116175 230.09422302246094 333
1771074116308 226.5734100341797 334
1771074116438 225.08314514160156 335
1771074116570 272.90997314453125 336
1771074116705 267.6564636230469 337
1771074116833 241.83291625976562 338
1771074116975 303.42498779296875 339
1771074117111 224.83741760253906 340
1771074117250 260.4348449707031 341
1771074117375 245.37142944335938 342
1771074117517 258.3627624511719 343
1771074117655 272.18463134765625 344
1771074117795 294.73406982421875 345
1771074117924 246.4646759033203 346
1771074118063 310.1830749511719 347
1771074118194 223.06991577148438 348
1771074118328 257.48260498046875 349
1771074118469 243.96759033203125 350
1771074118620 241.36866760253906 351
1771074118758 280.04364013671875 352
1771074118884 258.8272705078125 353
1771074119030 230.59912109375 354
1771074119168 264.53680419921875 355
1771074119313 268.93292236328125 356
1771074119451 249.29261779785156 357
1771074119596 263.58563232421875 358
1771074119698 269.62481689453125 359
1771074119972 236.0328826904297 360
1771074120113 258.5347595214844 361
1771074120251 248.26010131835938 362
1771074120419 234.468994140625 363
1771074120556 232.53785705566406 364
1771074120689 225.39825439453125 365
1771074120825 220.28231811523438 366
1771074120972 264.7445983886719 367
1771074121183 239.39248657226562 368
1771074121314 233.5506591796875 369
1771074121448 228.7669677734375 370
1771074121592 231.40481567382812 371
1771074121752 234.90623474121094 372
1771074121888 221.73301696777344 373
1771074122023 265.5184631347656 374
1771074122150 222.96417236328125 375
1771074122282 260.260986328125 376
1771074122431 236.9107666015625 377
1771074122642 223.10919189453125 378
1771074122786 195.05760192871094 379
1771074122927 293.59149169921875 380
1771074123065 239.716796875 381
1771074123196 273.8741455078125 382
1771074123338 199.0745086669922 383
1771074123484 261.56951904296875 384
1771074123617 226.32391357421875 385
1771074123784 241.1470184326172 386
1771074123929 234.04299926757812 387
1771074124072 201.24267578125 388
1771074124239 241.21812438964844 389
1771074124377 219.09860229492188 390
1771074124519 212.99037170410156 391
1771074124656 216.18028259277344 392
1771074124788 226.3841552734375 393
1771074124922 211.13754272460938 394
1771074125035 201.72235107421875 395
1771074125295 196.34202575683594 396
1771074125470 231.83409118652344 397
1771074125618 211.0275421142578 398
1771074125757 212.78521728515625 399
1771074125886 239.22975158691406 400
1771074126023 241.8529510498047 401
1771074126159 209.2250213623047 402
1771074126297 250.1743927001953 403
1771074126436 272.3954772949219 404
1771074126571 220.2464599609375 405
1771074126710 245.0413055419922 406
1771074126857 203.33383178710938 407
1771074126995 200.39085388183594 408
1771074127135 221.48114013671875 409
1771074127275 208.09890747070312 410
1771074127408 241.60479736328125 411
1771074127553 237.93092346191406 412
1771074127692 215.00172424316406 413
1771074127828 208.4050750732422 414
1771074127961 176.81338500976562 415
1771074128091 284.04119873046875 416
1771074128249 224.2217559814453 417
1771074128398 200.18801879882812 418
1771074128536 236.59080505371094 419
1771074128667 203.14569091796875 420
1771074128843 219.552734375 421
1771074128995 209.056396484375 422
1771074129145 200.7742462158203 423
1771074129297 196.58474731445312 424
1771074129432 239.66879272460938 425
1771074129555 210.1451873779297 426
1771074129695 197.15419006347656 427
1771074129811 219.51161193847656 428
1771074129951 218.36911010742188 429
1771074130095 226.73646545410156 430
1771074130200 180.77114868164062 431
1771074130510 227.71925354003906 432
1771074130630 227.11288452148438 433
1771074130750 209.30523681640625 434
1771074130864 185.71250915527344 435
1771074130978 202.22706604003906 436
1771074131093 219.37693786621094 437
1771074131210 190.53623962402344 438
1771074131327 206.9978790283203 439
1771074131442 218.24058532714844 440
1771074131599 209.8878173828125 441
1771074131759 227.30540466308594 442
1771074131906 211.52471923828125 443
1771074132045 208.14183044433594 444
1771074132159 232.75254821777344 445
1771074132285 229.20687866210938 446
1771074132435 218.91627502441406 447
1771074132593 206.39083862304688 448
1771074132725 198.12632751464844 449
1771074132857 214.09495544433594 450
1771074132993 242.7546844482422 451
1771074133124 215.6280059814453 452
1771074133259 227.03665161132812 453
1771074133383 222.08990478515625 454
1771074133498 202.74725341796875 455
1771074133614 217.0493927001953 456
1771074133760 182.8192138671875 457
1771074133871 194.7863311767578 458
1771074134057 190.94956970214844 459
1771074134171 235.2368927001953 460
1771074134290 192.74668884277344 461
1771074134406 240.12301635742188 462
1771074134532 213.75404357910156 463
1771074134646 232.7837677001953 464
1771074134774 191.48858642578125 465
1771074134891 193.75674438476562 466
1771074134976 197.66775512695312 467
1771074135225 207.50746154785156 468
1771074135398 216.8350372314453 469
1771074135522 231.55191040039062 470
1771074135647 188.86740112304688 471
1771074135778 188.52354431152344 472
1771074135891 202.89480590820312 473
1771074136006 221.73805236816406 474
1771074136123 207.01263427734375 475
1771074136240 186.3175811767578 476
1771074136356 188.32720947265625 477
1771074136474 201.59474182128906 478
1771074136592 190.8096466064453 479
1771074136712 224.9213104248047 480
1771074136829 194.15513610839844 481
1771074136942 210.0268096923828 482
1771074137072 217.7680206298828 483
1771074137195 210.37054443359375 484
1771074137339 197.00596618652344 485
1771074137478 230.34814453125 486
1771074137625 185.16397094726562 487
1771074137770 207.46791076660156 488
1771074137905 204.61331176757812 489
1771074138025 192.04669189453125 490
1771074138149 204.80589294433594 491
1771074138267 191.74229431152344 492
1771074138384 221.8158416748047 493
1771074138504 213.34515380859375 494
1771074138650 192.9907989501953 495
1771074138808 213.45989990234375 496
1771074138964 174.8475341796875 497
1771074139121 200.3408203125 498
1771074139264 206.72161865234375 499
1771074139456 234.85963439941406 500
1771074139601 209.9505157470703 501
1771074139755 183.71490478515625 502
1771074139858 180.07168579101562 503
1771074140120 190.6484832763672 504
1771074140238 200.0070037841797 505
1771074140385 174.8513946533203 506
1771074140510 185.98178100585938 507
1771074140687 209.0028533935547 508
1771074140861 187.32058715820312 509
1771074140978 195.6378173828125 510
1771074141098 202.7787628173828 511
1771074141214 206.66590881347656 512
1771074141331 196.4768524169922 513
1771074141446 209.53102111816406 514
1771074141569 206.37144470214844 515
1771074141706 202.1669921875 516
1771074141831 197.42396545410156 517
1771074141948 222.06597900390625 518
1771074142070 214.95443725585938 519
1771074142190 206.105224609375 520
1771074142303 213.53477478027344 521
1771074142422 183.2081298828125 522
1771074142545 195.36187744140625 523
1771074142671 182.7445831298828 524
1771074142791 198.5923614501953 525
1771074142912 199.55470275878906 526
1771074143031 177.27403259277344 527
1771074143161 219.61387634277344 528
1771074143289 198.60928344726562 529
1771074143419 173.01712036132812 530
1771074143557 202.37559509277344 531
1771074143702 183.4553680419922 532
1771074143839 200.13369750976562 533
1771074143978 185.6453399658203 534
1771074144119 191.80494689941406 535
1771074144237 195.3616485595703 536
1771074144354 168.97442626953125 537
1771074144472 252.23715209960938 538
1771074144558 190.62741088867188 539
1771074144802 181.6705322265625 540
1771074144916 178.50755310058594 541
1771074145035 208.42271423339844 542
1771074145151 173.9783477783203 543
1771074145265 215.4082489013672 544
1771074145414 177.36778259277344 545
1771074145536 178.4000701904297 546
1771074145676 213.01223754882812 547
1771074145808 186.03433227539062 548
1771074145930 215.04454040527344 549
1771074146054 218.0360870361328 550
1771074146248 192.4375 551
1771074146367 184.0111083984375 552
1771074146484 197.50466918945312 553
1771074146604 206.37579345703125 554
1771074146724 252.5781707763672 555
1771074146840 193.43539428710938 556
1771074146955 173.0323944091797 557
1771074147090 201.5815887451172 558
1771074147199 171.27902221679688 559
1771074147314 193.25140380859375 560
1771074147425 195.87814331054688 561
1771074147546 207.08255004882812 562
1771074147673 185.97586059570312 563
1771074147804 196.1328582763672 564
1771074147921 178.85128784179688 565
1771074148039 197.33255004882812 566
1771074148157 177.95437622070312 567
1771074148275 176.1196746826172 568
1771074148392 193.8459014892578 569
1771074148509 188.88681030273438 570
1771074148634 200.60206604003906 571
1771074148762 189.91485595703125 572
1771074148887 181.89309692382812 573
1771074149007 204.90147399902344 574
1771074149094 253.2203826904297 575
1771074149328 181.66041564941406 576
1771074149442 223.2427215576172 577
1771074149562 200.84771728515625 578
1771074149698 212.16311645507812 579
1771074149833 221.4748077392578 580
1771074149949 217.22633361816406 581
1771074150067 189.79971313476562 582
1771074150186 179.52932739257812 583
1771074150307 191.90542602539062 584
1771074150463 197.0155792236328 585
1771074150580 184.02276611328125 586
1771074150710 204.0093536376953 587
1771074150827 182.67820739746094 588
1771074150940 232.69248962402344 589
1771074151064 156.05844116210938 590
1771074151179 194.9082489013672 591
1771074151300 192.1803436279297 592
1771074151415 181.43240356445312 593
1771074151531 190.79998779296875 594
1771074151659 193.49476623535156 595
1771074151786 198.66285705566406 596
1771074151907 195.9598388671875 597
1771074152036 164.0322265625 598
1771074152158 193.59439086914062 599
1771074152274 205.88287353515625 600
1771074152388 203.50177001953125 601
1771074152499 191.8931121826172 602
1771074152635 164.7002716064453 603
1771074152767 177.44020080566406 604
1771074152885 182.98426818847656 605
1771074153002 195.22337341308594 606
1771074153124 189.47776794433594 607
1771074153243 169.03945922851562 608
1771074153375 185.2976837158203 609
1771074153491 184.53549194335938 610
1771074153582 173.66944885253906 611
1771074153840 161.60499572753906 612
1771074153956 169.44456481933594 613
1771074154076 176.88563537597656 614
1771074154225 195.9222412109375 615
1771074154343 189.74478149414062 616
1771074154466 219.47732543945312 617
1771074154588 206.24957275390625 618
1771074154717 160.80572509765625 619
1771074154836 172.3895263671875 620
1771074154957 177.86306762695312 621
1771074155082 202.90708923339844 622
1771074155200 189.2805938720703 623
1771074155321 193.23638916015625 624
1771074155466 191.1715545654297 625
1771074155589 189.59510803222656 626
1771074155714 209.99871826171875 627
1771074155845 218.66680908203125 628
1771074155965 185.748779296875 629
1771074156102 173.82339477539062 630
1771074156216 184.4404296875 631
1771074156344 185.52041625976562 632
1771074156459 179.3388671875 633
1771074156589 170.83163452148438 634
1771074156720 178.97842407226562 635
1771074156854 153.38096618652344 636
1771074156975 177.86163330078125 637
1771074157095 163.24766540527344 638
1771074157214 196.71197509765625 639
1771074157335 179.9157257080078 640
1771074157451 198.73655700683594 641
1771074157586 188.44525146484375 642
1771074157721 174.18841552734375 643
1771074157841 165.9576873779297 644
1771074157955 184.38531494140625 645
1771074158073 187.6917266845703 646
1771074158164 168.90643310546875 647
1771074158397 205.2397918701172 648
1771074158511 183.8992156982422 649
1771074158632 172.5521240234375 650
1771074158770 202.3534393310547 651
1771074158892 170.23947143554688 652
1771074159008 186.6989288330078 653
1771074159127 191.13568115234375 654
1771074159246 180.21336364746094 655
1771074159373 147.06277465820312 656
1771074159565 184.3771514892578 657
1771074159696 198.26454162597656 658
1771074159826 180.71974182128906 659
1771074159944 162.69949340820312 660
1771074160063 163.30181884765625 661
1771074160182 160.54803466796875 662
1771074160299 168.86509704589844 663
1771074160456 176.48988342285156 664
1771074160575 195.29757690429688 665
1771074160701 173.56204223632812 666
1771074160829 189.34323120117188 667
1771074160950 180.0691680908203 668
1771074161071 181.74063110351562 669
1771074161192 184.607177734375 670
1771074161309 188.71592712402344 671
1771074161432 209.7133026123047 672
1771074161552 173.31532287597656 673
1771074161684 164.1443634033203 674
1771074161806 191.6947021484375 675
1771074161924 186.49563598632812 676
1771074162044 167.1607666015625 677
1771074162163 185.72425842285156 678
1771074162279 180.76467895507812 679
1771074162396 172.0691680908203 680
1771074162515 197.0263671875 681
1771074162638 169.9702606201172 682
1771074162726 175.21875 683
