1771074507058 0.0 0
1771074507187 0.0 1
1771074507312 0.0 2
1771074507432 0.0 3
1771074507558 0.0 4
1771074507689 0.0 5
1771074507815 0.0 6
1771074507942 0.0 7
1771074508062 0.0 8
1771074508189 0.0 9
1771074508310 0.0 10
1771074508459 0.0 11
1771074508602 0.0 12
1771074508729 0.0 13
1771074508856 0.0 14
1771074508981 0.0 15
1771074509124 0.0 16
1771074509264 0.0 17
1771074509385 0.0 18
1771074509512 0.0 19
1771074509636 0.0 20
1771074509776 0.0 21
1771074509909 0.0 22
1771074510029 0.0 23
1771074510150 0.0 24
1771074510278 0.0 25
1771074510418 0.0 26
1771074510544 0.0 27
1771074510681 0.0 28
1771074510828 0.0 29
1771074510963 0.0 30
1771074511088 0.0 31
1771074511216 0.0 32
1771074511343 0.0 33
1771074511542 0.0 34
1771074511636 0.0 35
1771074511776 0.0 35
1771074511988 0.0 35
1771074512116 1.0 36
1771074512247 1.0 37
1771074512373 1.0 38
1771074512500 1.0 39
1771074512622 1.0 40
1771074512758 1.0 41
1771074512888 1.0 42
1771074513025 1.0 43
1771074513155 1.0 44
1771074513290 1.0 45
1771074513416 1.0 46
1771074513538 1.0 47
1771074513670 1.0 48
1771074513807 1.0 49
1771074513950 1.0 50
1771074514084 1.0 51
1771074514245 1.0 52
1771074514367 1.0 53
1771074514501 1.0 54
1771074514620 1.0 55
1771074514762 1.0 56
1771074514902 1.0 57
1771074515045 1.0 58
1771074515182 1.0 59
1771074515313 1.0 60
1771074515449 1.0 61
1771074515572 1.0 62
1771074515711 1.0 63
1771074515835 1.0 64
1771074515968 1.0 65
1771074516087 1.0 66
1771074516218 1.0 67
1771074516349 1.0 68
1771074516478 1.0 69
1771074516602 1.0 70
1771074516707 1.0 71
1771074516830 1.0 71
1771074517065 1.0 71
1771074517206 2.0 72
1771074517341 2.0 73
1771074517522 2.0 74
1771074517665 2.0 75
1771074517817 2.0 76
1771074517964 2.0 77
1771074518103 2.0 78
1771074518241 2.0 79
1771074518387 2.0 80
1771074518532 2.0 81
1771074518673 2.0 82
1771074518804 2.0 83
1771074518945 2.0 84
1771074519116 2.0 85
1771074519499 2.0 86
1771074519718 2.0 87
1771074519998 2.0 88
1771074520342 2.0 89
1771074520518 2.0 90
1771074520765 2.0 91
1771074520973 2.0 92
1771074521314 2.0 93
1771074521496 2.0 94
1771074521763 2.0 95
1771074522039 2.0 96
1771074522270 2.0 97
1771074522435 2.0 98
1771074522607 2.0 99
1771074522832 2.0 100
1771074523104 2.0 101
1771074523358 2.0 102
1771074523533 2.0 103
1771074523705 2.0 104
1771074523922 2.0 105
1771074524061 2.0 106
1771074524191 2.0 107
1771074524303 2.0 107
1771074524506 2.0 107
1771074524615 3.0 108
1771074524803 3.0 109
1771074524998 3.0 110
1771074525190 3.0 111
1771074525360 3.0 112
1771074525516 3.0 113
1771074525703 3.0 114
1771074525883 3.0 115
1771074526029 3.0 116
1771074526151 3.0 117
1771074526274 3.0 118
1771074526392 3.0 119
1771074526570 3.0 120
1771074526690 3.0 121
1771074526801 3.0 122
1771074526918 3.0 123
1771074527134 3.0 124
1771074527329 3.0 125
1771074527471 3.0 126
1771074527610 3.0 127
1771074527774 3.0 128
1771074527933 3.0 129
1771074528090 3.0 130
1771074528243 3.0 131
1771074528392 3.0 132
1771074528549 3.0 133
1771074528714 3.0 134
1771074528866 3.0 135
1771074529011 3.0 136
1771074529197 3.0 137
1771074529336 3.0 138
1771074529477 3.0 139
1771074529612 3.0 140
1771074529761 3.0 141
1771074529890 3.0 142
1771074530000 3.0 143
1771074530132 3.0 143
1771074530366 3.0 143
1771074530524 4.0 144
1771074530671 4.0 145
1771074530852 4.0 146
1771074531021 4.0 147
1771074531171 4.0 148
1771074531332 4.0 149
1771074531480 4.0 150
1771074531629 4.0 151
1771074531775 4.0 152
1771074531912 4.0 153
1771074532083 4.0 154
1771074532295 4.0 155
1771074532450 4.0 156
1771074532614 4.0 157
1771074532802 4.0 158
1771074533002 4.0 159
1771074533211 4.0 160
1771074533450 4.0 161
1771074533661 4.0 162
1771074533935 4.0 163
1771074534192 4.0 164
1771074534378 4.0 165
1771074534560 4.0 166
1771074534746 4.0 167
1771074534926 4.0 168
1771074535113 4.0 169
1771074535300 4.0 170
1771074535505 4.0 171
1771074535813 4.0 172
1771074535989 4.0 173
1771074536179 4.0 174
1771074536342 4.0 175
1771074536514 4.0 176
1771074536721 4.0 177
1771074536879 4.0 178
1771074536982 4.0 179
1771074537118 4.0 179
1771074537125 4.0 179
1771074537273 5.0 180
1771074537421 5.0 181
1771074537564 5.0 182
1771074537736 5.0 183
1771074537917 5.0 184
1771074538066 5.0 185
1771074538210 5.0 186
1771074538370 5.0 187
1771074538519 5.0 188
1771074538662 5.0 189
1771074538809 5.0 190
1771074538980 5.0 191
1771074539162 5.0 192
1771074539331 5.0 193
1771074539485 5.0 194
1771074539643 5.0 195
1771074539791 5.0 196
1771074539933 5.0 197
1771074540107 5.0 198
1771074540279 5.0 199
1771074540456 5.0 200
1771074540602 5.0 201
1771074540745 5.0 202
1771074540888 5.0 203
1771074541050 5.0 204
1771074541213 5.0 205
1771074541369 5.0 206
1771074541511 5.0 207
1771074541663 5.0 208
1771074541863 5.0 209
1771074542022 5.0 210
1771074542177 5.0 211
1771074542323 5.0 212
1771074542474 5.0 213
1771074542739 5.0 214
1771074542839 5.0 215
1771074542968 5.0 215
1771074543216 5.0 215
1771074543370 6.0 216
1771074543510 6.0 217
1771074543660 6.0 218
1771074543820 6.0 219
1771074543972 6.0 220
1771074544166 6.0 221
1771074544318 6.0 222
1771074544458 6.0 223
1771074544597 6.0 224
1771074544751 6.0 225
1771074544897 6.0 226
1771074545049 6.0 227
1771074545203 6.0 228
1771074545353 6.0 229
1771074545499 6.0 230
1771074545651 6.0 231
1771074545812 6.0 232
1771074545971 6.0 233
1771074546127 6.0 234
1771074546276 6.0 235
1771074546433 6.0 236
1771074546581 6.0 237
1771074546725 6.0 238
1771074546869 6.0 239
1771074547017 6.0 240
1771074547170 6.0 241
1771074547324 6.0 242
1771074547464 6.0 243
1771074547612 6.0 244
1771074547763 6.0 245
1771074547908 6.0 246
1771074548056 6.0 247
1771074548221 6.0 248
1771074548372 6.0 249
1771074548520 6.0 250
1771074548633 6.0 251
1771074548772 6.0 251
1771074548781 6.0 251
1771074548930 7.0 252
1771074549100 7.0 253
1771074549271 7.0 254
1771074549429 7.0 255
1771074549638 7.0 256
1771074549793 7.0 257
1771074549951 7.0 258
1771074550110 7.0 259
1771074550254 7.0 260
1771074550494 7.0 261
1771074550702 7.0 262
1771074550847 7.0 263
1771074551002 7.0 264
1771074551159 7.0 265
1771074551301 7.0 266
1771074551448 7.0 267
1771074551602 7.0 268
1771074551773 7.0 269
1771074551928 7.0 270
1771074552083 7.0 271
1771074552242 7.0 272
1771074552391 7.0 273
1771074552540 7.0 274
1771074552696 7.0 275
1771074552847 7.0 276
1771074552994 7.0 277
1771074553190 7.0 278
1771074553343 7.0 279
1771074553505 7.0 280
1771074553664 7.0 281
1771074553822 7.0 282
1771074553973 7.0 283
1771074554125 7.0 284
1771074554321 7.0 285
1771074554479 7.0 286
1771074554594 7.0 287
1771074554736 7.0 287
1771074554743 7.0 287
1771074554912 8.0 288
1771074555060 8.0 289
1771074555233 8.0 290
1771074555381 8.0 291
1771074555511 8.0 292
1771074555649 8.0 293
1771074555785 8.0 294
1771074555911 8.0 295
1771074556041 8.0 296
1771074556166 8.0 297
1771074556299 8.0 298
1771074556426 8.0 299
1771074556555 8.0 300
1771074556721 8.0 301
1771074556915 8.0 302
1771074557068 8.0 303
1771074557204 8.0 304
1771074557334 8.0 305
1771074557466 8.0 306
1771074557593 8.0 307
1771074557731 8.0 308
1771074557898 8.0 309
1771074558070 8.0 310
1771074558240 8.0 311
1771074558440 8.0 312
1771074558689 8.0 313
1771074558903 8.0 314
1771074559064 8.0 315
1771074559309 8.0 316
1771074559459 8.0 317
1771074559602 8.0 318
1771074559745 8.0 319
1771074559884 8.0 320
1771074560038 8.0 321
1771074560201 8.0 322
1771074560304 8.0 323
1771074560428 8.0 323
1771074560436 8.0 323
1771074560586 9.0 324
1771074560774 9.0 325
1771074560915 9.0 326
1771074561051 9.0 327
1771074561192 9.0 328
1771074561331 9.0 329
1771074561473 9.0 330
1771074561609 9.0 331
1771074561748 9.0 332
1771074561889 9.0 333
1771074562038 9.0 334
1771074562173 9.0 335
1771074562313 9.0 336
1771074562454 9.0 337
1771074562588 9.0 338
1771074562739 9.0 339
1771074562883 9.0 340
1771074563033 9.0 341
1771074563183 9.0 342
1771074563321 9.0 343
1771074563470 9.0 344
1771074563611 9.0 345
1771074563757 9.0 346
1771074563908 9.0 347
1771074564042 9.0 348
1771074564223 9.0 349
1771074564353 9.0 350
1771074564496 9.0 351
1771074564634 9.0 352
1771074564780 9.0 353
1771074564920 9.0 354
1771074565063 9.0 355
1771074565238 9.0 356
1771074565376 9.0 357
1771074565518 9.0 358
1771074565625 9.0 359
1771074565767 9.0 359
1771074565777 9.0 359
1771074565916 10.0 360
1771074566055 10.0 361
1771074566197 10.0 362
1771074566338 10.0 363
1771074566482 10.0 364
1771074566628 10.0 365
1771074566768 10.0 366
1771074566909 10.0 367
1771074567047 10.0 368
1771074567195 10.0 369
1771074567332 10.0 370
1771074567478 10.0 371
1771074567611 10.0 372
1771074567751 10.0 373
1771074567893 10.0 374
1771074568036 10.0 375
1771074568175 10.0 376
1771074568313 10.0 377
1771074568450 10.0 378
1771074568591 10.0 379
1771074568750 10.0 380
1771074568891 10.0 381
1771074569047 10.0 382
1771074569249 10.0 383
1771074569398 10.0 384
1771074569544 10.0 385
1771074569678 10.0 386
1771074569811 10.0 387
1771074569971 10.0 388
1771074570117 10.0 389
1771074570261 10.0 390
1771074570409 10.0 391
1771074570551 10.0 392
1771074570702 10.0 393
1771074570842 10.0 394
1771074570962 10.0 395
1771074571091 10.0 395
1771074571098 10.0 395
1771074571242 11.0 396
1771074571374 11.0 397
1771074571513 11.0 398
1771074571650 11.0 399
1771074571787 11.0 400
1771074571958 11.0 401
1771074572221 11.0 402
1771074572359 11.0 403
1771074572500 11.0 404
1771074572644 11.0 405
1771074572803 11.0 406
1771074572963 11.0 407
1771074573112 11.0 408
1771074573257 11.0 409
1771074573399 11.0 410
1771074573539 11.0 411
1771074573690 11.0 412
1771074573832 11.0 413
1771074573974 11.0 414
1771074574129 11.0 415
1771074574296 11.0 416
1771074574437 11.0 417
1771074574660 11.0 418
1771074574811 11.0 419
1771074574942 11.0 420
1771074575084 11.0 421
1771074575229 11.0 422
1771074575366 11.0 423
1771074575515 11.0 424
1771074575652 11.0 425
1771074575803 11.0 426
1771074575959 11.0 427
1771074576103 11.0 428
1771074576247 11.0 429
1771074576381 11.0 430
1771074576486 11.0 431
1771074576608 11.0 431
1771074576617 11.0 431
1771074576771 12.0 432
1771074576910 12.0 433
1771074577048 12.0 434
1771074577201 12.0 435
1771074577340 12.0 436
1771074577483 12.0 437
1771074577624 12.0 438
1771074577771 12.0 439
1771074577907 12.0 440
1771074578043 12.0 441
1771074578186 12.0 442
1771074578328 12.0 443
1771074578485 12.0 444
1771074578623 12.0 445
1771074578765 12.0 446
1771074578912 12.0 447
1771074579060 12.0 448
1771074579270 12.0 449
1771074579408 12.0 450
1771074579550 12.0 451
1771074579702 12.0 452
1771074579845 12.0 453
1771074579996 12.0 454
1771074580134 12.0 455
1771074580279 12.0 456
1771074580421 12.0 457
1771074580557 12.0 458
1771074580705 12.0 459
1771074580847 12.0 460
1771074580998 12.0 461
1771074581151 12.0 462
1771074581298 12.0 463
1771074581436 12.0 464
1771074581583 12.0 465
1771074581739 12.0 466
1771074581846 12.0 467
1771074581989 12.0 467
1771074581996 12.0 467
1771074582143 13.0 468
1771074582291 13.0 469
1771074582435 13.0 470
1771074582582 13.0 471
1771074582732 13.0 472
1771074582879 13.0 473
1771074583035 13.0 474
1771074583213 13.0 475
1771074583360 13.0 476
1771074583504 13.0 477
1771074583651 13.0 478
1771074583793 13.0 479
1771074583932 13.0 480
1771074584074 13.0 481
1771074584254 13.0 482
1771074584391 13.0 483
1771074584552 13.0 484
1771074584697 13.0 485
1771074584841 13.0 486
1771074584988 13.0 487
1771074585130 13.0 488
1771074585277 13.0 489
1771074585414 13.0 490
1771074585560 13.0 491
1771074585702 13.0 492
1771074585886 13.0 493
1771074586118 13.0 494
1771074586264 13.0 495
1771074586405 13.0 496
1771074586550 13.0 497
1771074586699 13.0 498
1771074586840 13.0 499
1771074586980 13.0 500
1771074587131 13.0 501
1771074587280 13.0 502
1771074587382 13.0 503
1771074587523 13.0 503
1771074587531 13.0 503
1771074587680 14.0 504
1771074587824 14.0 505
1771074587975 14.0 506
1771074588129 14.0 507
1771074588281 14.0 508
1771074588420 14.0 509
1771074588565 14.0 510
1771074588714 14.0 511
1771074588888 14.0 512
1771074589062 14.0 513
1771074589250 14.0 514
1771074589396 14.0 515
1771074589542 14.0 516
1771074589689 14.0 517
1771074589830 14.0 518
1771074589972 14.0 519
1771074590117 14.0 520
1771074590269 14.0 521
1771074590410 14.0 522
1771074590563 14.0 523
1771074590790 14.0 524
1771074590943 14.0 525
1771074591102 14.0 526
1771074591252 14.0 527
1771074591396 14.0 528
1771074591544 14.0 529
1771074591700 14.0 530
1771074591846 14.0 531
1771074591991 14.0 532
1771074592139 14.0 533
1771074592289 14.0 534
1771074592434 14.0 535
1771074592586 14.0 536
1771074592757 14.0 537
1771074592932 14.0 538
1771074593044 14.0 539
1771074593179 14.0 539
1771074593186 14.0 539
1771074593341 15.0 540
1771074593482 15.0 541
1771074593623 15.0 542
1771074593778 15.0 543
1771074593923 15.0 544
1771074594077 15.0 545
1771074594276 15.0 546
1771074594419 15.0 547
1771074594580 15.0 548
1771074594724 15.0 549
1771074594872 15.0 550
1771074595035 15.0 551
1771074595218 15.0 552
1771074595364 15.0 553
1771074595521 15.0 554
1771074595679 15.0 555
1771074595826 15.0 556
1771074595978 15.0 557
1771074596128 15.0 558
1771074596281 15.0 559
1771074596426 15.0 560
1771074596579 15.0 561
1771074596733 15.0 562
1771074596882 15.0 563
1771074597027 15.0 564
1771074597190 15.0 565
1771074597348 15.0 566
1771074597493 15.0 567
1771074597645 15.0 568
1771074597794 15.0 569
1771074597942 15.0 570
1771074598100 15.0 571
1771074598248 15.0 572
1771074598411 15.0 573
1771074598564 15.0 574
1771074598683 15.0 575
1771074598845 15.0 575
1771074598851 15.0 575
1771074599006 16.0 576
1771074599203 16.0 577
1771074599382 16.0 578
1771074599603 16.0 579
1771074599771 16.0 580
1771074599923 16.0 581
1771074600088 16.0 582
1771074600235 16.0 583
1771074600388 16.0 584
1771074600544 16.0 585
1771074600716 16.0 586
1771074600880 16.0 587
1771074601033 16.0 588
1771074601180 16.0 589
1771074601341 16.0 590
1771074601484 16.0 591
1771074601628 16.0 592
1771074601774 16.0 593
1771074601915 16.0 594
1771074602058 16.0 595
1771074602199 16.0 596
1771074602343 16.0 597
1771074602493 16.0 598
1771074602640 16.0 599
1771074602791 16.0 600
1771074602933 16.0 601
1771074603117 16.0 602
1771074603317 16.0 603
1771074603470 16.0 604
1771074603628 16.0 605
1771074603771 16.0 606
1771074603919 16.0 607
1771074604078 16.0 608
1771074604259 16.0 609
1771074604413 16.0 610
1771074604526 16.0 611
1771074604667 16.0 611
1771074604675 16.0 611
1771074604837 17.0 612
1771074604990 17.0 613
1771074605152 17.0 614
1771074605309 17.0 615
1771074605456 17.0 616
1771074605642 17.0 617
1771074605892 17.0 618
1771074606040 17.0 619
1771074606187 17.0 620
1771074606338 17.0 621
1771074606485 17.0 622
1771074606627 17.0 623
1771074606773 17.0 624
1771074606920 17.0 625
1771074607070 17.0 626
1771074607220 17.0 627
1771074607359 17.0 628
1771074607503 17.0 629
1771074607651 17.0 630
1771074607807 17.0 631
1771074607980 17.0 632
1771074608140 17.0 633
1771074608291 17.0 634
1771074608443 17.0 635
1771074608594 17.0 636
1771074608750 17.0 637
1771074609149 17.0 638
1771074609309 17.0 639
1771074609464 17.0 640
1771074609614 17.0 641
1771074609764 17.0 642
1771074609924 17.0 643
1771074610073 17.0 644
1771074610214 17.0 645
1771074610369 17.0 646
1771074610479 17.0 647
1771074610602 17.0 647
1771074610612 17.0 647
1771074610763 18.0 648
1771074610910 18.0 649
1771074611059 18.0 650
1771074611211 18.0 651
1771074611366 18.0 652
1771074611503 18.0 653
1771074611651 18.0 654
1771074611803 18.0 655
1771074611959 18.0 656
1771074612115 18.0 657
1771074612255 18.0 658
1771074612418 18.0 659
1771074612573 18.0 660
1771074612722 18.0 661
1771074612873 18.0 662
1771074613022 18.0 663
1771074613180 18.0 664
1771074613365 18.0 665
1771074613520 18.0 666
1771074613665 18.0 667
1771074613817 18.0 668
1771074613969 18.0 669
1771074614138 18.0 670
1771074614304 18.0 671
1771074614447 18.0 672
1771074614590 18.0 673
1771074614746 18.0 674
1771074614896 18.0 675
1771074615045 18.0 676
1771074615200 18.0 677
1771074615358 18.0 678
1771074615501 18.0 679
1771074615648 18.0 680
1771074615803 18.0 681
1771074615948 18.0 682
1771074616058 18.0 683
1771074616204 18.0 683
1771074616212 18.0 683
