1771074511988 503.1655578613281 35
1771074517065 453.7496337890625 71
1771074524506 406.8207092285156 107
1771074530366 378.5874328613281 143
1771074537125 350.6036376953125 179
1771074543216 335.5272521972656 215
1771074548781 313.69921875 251
1771074554743 299.2513732910156 287
1771074560436 273.79364013671875 323
1771074565777 253.71522521972656 359
1771074571098 231.70834350585938 395
1771074576617 219.71017456054688 431
1771074581996 212.77444458007812 467
1771074587531 205.08302307128906 503
1771074593186 201.3175048828125 539
1771074598851 195.7194366455078 575
1771074604675 192.6746368408203 611
1771074610612 185.00039672851562 647
1771074616212 182.5355224609375 683
