1771074507058 697.4457397460938 0
1771074507187 563.6115112304688 1
1771074507312 586.5052490234375 2
1771074507432 568.137451171875 3
1771074507558 568.0615844726562 4
1771074507689 514.1038818359375 5
1771074507815 464.1706237792969 6
1771074507942 546.5703735351562 7
1771074508062 479.30303955078125 8
1771074508189 551.66650390625 9
1771074508310 473.0219421386719 10
1771074508459 442.7151794433594 11
1771074508602 511.055419921875 12
1771074508729 464.8802795410156 13
1771074508856 464.95477294921875 14
1771074508981 537.7437744140625 15
1771074509124 429.0630187988281 16
1771074509264 451.26702880859375 17
1771074509385 523.7465209960938 18
1771074509512 477.9553527832031 19
1771074509636 496.7967529296875 20
1771074509776 446.39801025390625 21
1771074509909 480.1980285644531 22
1771074510029 508.9168395996094 23
1771074510150 481.8457946777344 24
1771074510278 427.8489685058594 25
1771074510418 570.860107421875 26
1771074510544 470.31744384765625 27
1771074510681 467.09356689453125 28
1771074510828 486.0617370605469 29
1771074510963 508.70098876953125 30
1771074511088 479.5190124511719 31
1771074511216 480.3094177246094 32
1771074511343 512.6248168945312 33
1771074511542 486.234619140625 34
1771074511636 446.1318359375 35
1771074512116 480.361572265625 36
1771074512247 487.2991638183594 37
1771074512373 435.2864685058594 38
1771074512500 456.3565979003906 39
1771074512622 482.8539123535156 40
1771074512758 458.1886901855469 41
1771074512888 465.311279296875 42
1771074513025 535.1034545898438 43
1771074513155 463.6627197265625 44
1771074513290 414.6013488769531 45
1771074513416 393.25640869140625 46
1771074513538 486.1180419921875 47
1771074513670 420.2107238769531 48
1771074513807 420.923583984375 49
1771074513950 390.1941833496094 50
1771074514084 444.71954345703125 51
1771074514245 483.3475036621094 52
1771074514367 555.8786010742188 53
1771074514501 440.7646484375 54
1771074514620 463.8998107910156 55
1771074514762 442.5914306640625 56
1771074514902 464.7501525878906 57
1771074515045 436.6778259277344 58
1771074515182 426.0689697265625 59
1771074515313 452.3175048828125 60
1771074515449 525.7427978515625 61
1771074515572 416.39801025390625 62
1771074515711 401.2784729003906 63
1771074515835 437.1371765136719 64
1771074515968 472.31463623046875 65
1771074516087 404.239990234375 66
1771074516218 461.3345947265625 67
1771074516349 482.6085510253906 68
1771074516478 452.86846923828125 69
1771074516602 438.5972595214844 70
1771074516707 376.7716369628906 71
1771074517206 441.5431823730469 72
1771074517341 385.71832275390625 73
1771074517522 385.30078125 74
1771074517665 372.28326416015625 75
1771074517817 449.6749267578125 76
1771074517964 432.7799987792969 77
1771074518103 411.8126220703125 78
1771074518241 379.1202697753906 79
1771074518387 395.8524169921875 80
1771074518532 393.93524169921875 81
1771074518673 388.7518615722656 82
1771074518804 418.3945007324219 83
1771074518945 476.0918884277344 84
1771074519116 442.1996765136719 85
1771074519499 366.86773681640625 86
1771074519718 426.9219970703125 87
1771074519998 419.94207763671875 88
1771074520342 486.59033203125 89
1771074520518 404.78485107421875 90
1771074520765 410.40911865234375 91
1771074520973 438.4581604003906 92
1771074521314 356.3706359863281 93
1771074521496 371.1529541015625 94
1771074521763 375.9713439941406 95
1771074522039 405.556396484375 96
1771074522270 422.6020202636719 97
1771074522435 400.51409912109375 98
1771074522607 397.4075622558594 99
1771074522832 341.3310241699219 100
1771074523104 385.08099365234375 101
1771074523358 424.9789733886719 102
1771074523533 416.68310546875 103
1771074523705 436.4739074707031 104
1771074523922 393.26287841796875 105
1771074524061 388.2980651855469 106
1771074524191 378.7223205566406 107
1771074524615 406.0177917480469 108
1771074524803 351.7042541503906 109
1771074524998 412.75054931640625 110
1771074525190 393.5885009765625 111
1771074525360 385.0513916015625 112
1771074525516 408.39739990234375 113
1771074525703 436.2730407714844 114
1771074525883 368.9244689941406 115
1771074526029 432.3882751464844 116
1771074526151 402.18023681640625 117
1771074526274 418.584716796875 118
1771074526392 388.02197265625 119
1771074526570 396.8412780761719 120
1771074526690 369.6078186035156 121
1771074526801 369.074951171875 122
1771074526918 380.0691833496094 123
1771074527134 458.4166259765625 124
1771074527329 345.0416259765625 125
1771074527471 337.9208068847656 126
1771074527610 347.18560791015625 127
1771074527774 376.728515625 128
1771074527933 388.2601623535156 129
1771074528090 403.0834045410156 130
1771074528243 423.4738464355469 131
1771074528392 354.7875061035156 132
1771074528549 322.04998779296875 133
1771074528714 374.3363952636719 134
1771074528866 336.9421691894531 135
1771074529011 341.86199951171875 136
1771074529197 322.555419921875 137
1771074529336 334.8293762207031 138
1771074529477 374.98681640625 139
1771074529612 336.06964111328125 140
1771074529761 363.35516357421875 141
1771074529890 385.6391296386719 142
1771074530000 401.39111328125 143
1771074530524 379.1898498535156 144
1771074530671 355.85760498046875 145
1771074530852 413.14337158203125 146
1771074531021 386.3690490722656 147
1771074531171 363.58282470703125 148
1771074531332 346.0037536621094 149
1771074531480 370.8695983886719 150
1771074531629 352.0950012207031 151
1771074531775 409.19158935546875 152
1771074531912 350.2938537597656 153
1771074532083 334.86053466796875 154
1771074532295 335.2451171875 155
1771074532450 355.0009460449219 156
1771074532614 330.9998474121094 157
1771074532802 363.95880126953125 158
1771074533002 352.8449401855469 159
1771074533211 363.18597412109375 160
1771074533450 305.8685607910156 161
1771074533661 327.3075866699219 162
1771074533935 333.8537902832031 163
1771074534192 332.47747802734375 164
1771074534378 357.4465637207031 165
1771074534560 338.67254638671875 166
1771074534746 304.3500671386719 167
1771074534926 346.8706359863281 168
1771074535113 326.2730712890625 169
1771074535300 359.3143310546875 170
1771074535505 305.3205261230469 171
1771074535813 389.07672119140625 172
1771074535989 347.653076171875 173
1771074536179 329.7073974609375 174
1771074536342 341.76715087890625 175
1771074536514 341.43621826171875 176
1771074536721 351.6404724121094 177
1771074536879 351.5818176269531 178
1771074536982 464.6112365722656 179
1771074537273 290.8124694824219 180
1771074537421 328.67108154296875 181
1771074537564 377.1593933105469 182
1771074537736 322.3196716308594 183
1771074537917 331.9958801269531 184
1771074538066 326.9288024902344 185
1771074538210 280.4802551269531 186
1771074538370 377.07452392578125 187
1771074538519 344.9985046386719 188
1771074538662 357.73602294921875 189
1771074538809 330.9469909667969 190
1771074538980 308.6837463378906 191
1771074539162 311.61767578125 192
1771074539331 362.0666198730469 193
1771074539485 297.277587890625 194
1771074539643 323.5427551269531 195
1771074539791 311.0284423828125 196
1771074539933 325.2245788574219 197
1771074540107 344.03387451171875 198
1771074540279 332.89990234375 199
1771074540456 331.0696105957031 200
1771074540602 325.49957275390625 201
1771074540745 425.4519348144531 202
1771074540888 338.5043640136719 203
1771074541050 336.4205627441406 204
1771074541213 309.6142578125 205
1771074541369 390.8106384277344 206
1771074541511 366.7416076660156 207
1771074541663 314.2521057128906 208
1771074541863 342.7552795410156 209
1771074542022 348.23150634765625 210
1771074542177 314.7021179199219 211
1771074542323 355.7682800292969 212
1771074542474 340.62066650390625 213
1771074542739 319.53131103515625 214
1771074542839 322.60345458984375 215
1771074543370 334.2270202636719 216
1771074543510 309.0068359375 217
1771074543660 354.4863586425781 218
1771074543820 328.30450439453125 219
1771074543972 280.8851623535156 220
1771074544166 312.75408935546875 221
1771074544318 304.7000732421875 222
1771074544458 273.33746337890625 223
1771074544597 335.493408203125 224
1771074544751 324.875244140625 225
1771074544897 322.6791076660156 226
1771074545049 310.27838134765625 227
1771074545203 303.9288635253906 228
1771074545353 325.4849853515625 229
1771074545499 323.6784973144531 230
1771074545651 321.0758972167969 231
1771074545812 343.73663330078125 232
1771074545971 294.02423095703125 233
1771074546127 311.44354248046875 234
1771074546276 307.2595520019531 235
1771074546433 311.8212890625 236
1771074546581 307.99951171875 237
1771074546725 289.4013977050781 238
1771074546869 335.71893310546875 239
1771074547017 304.7383728027344 240
1771074547170 343.3785705566406 241
1771074547324 307.30975341796875 242
1771074547464 328.8209228515625 243
1771074547612 312.72283935546875 244
1771074547763 297.47186279296875 245
1771074547908 316.4617004394531 246
1771074548056 283.1204833984375 247
1771074548221 311.6795349121094 248
1771074548372 321.57672119140625 249
1771074548520 275.7965393066406 250
1771074548633 376.3817138671875 251
1771074548930 273.1021423339844 252
1771074549100 276.9844665527344 253
1771074549271 256.3323059082031 254
1771074549429 383.74444580078125 255
1771074549638 288.3101501464844 256
1771074549793 321.087890625 257
1771074549951 259.3577880859375 258
1771074550110 300.0665283203125 259
1771074550254 292.8354187011719 260
1771074550494 278.42706298828125 261
1771074550702 272.9042053222656 262
1771074550847 307.14984130859375 263
1771074551002 328.9666442871094 264
1771074551159 298.89385986328125 265
1771074551301 286.4546813964844 266
1771074551448 330.7646179199219 267
1771074551602 297.8655090332031 268
1771074551773 288.3805236816406 269
1771074551928 336.83294677734375 270
1771074552083 289.1224060058594 271
1771074552242 325.9798889160156 272
1771074552391 304.64044189453125 273
1771074552540 334.87890625 274
1771074552696 308.5351257324219 275
1771074552847 264.09375 276
1771074552994 340.061279296875 277
1771074553190 278.8419189453125 278
1771074553343 294.0577392578125 279
1771074553505 278.3002624511719 280
1771074553664 302.5886535644531 281
1771074553822 331.7507019042969 282
1771074553973 254.47769165039062 283
1771074554125 314.6622314453125 284
1771074554321 321.0968933105469 285
1771074554479 258.5384521484375 286
1771074554594 258.9990539550781 287
1771074554912 289.4754638671875 288
1771074555060 278.69036865234375 289
1771074555233 271.1103210449219 290
1771074555381 228.62338256835938 291
1771074555511 303.0069274902344 292
1771074555649 283.6019592285156 293
1771074555785 300.6493835449219 294
1771074555911 292.3356018066406 295
1771074556041 334.6763000488281 296
1771074556166 266.4615478515625 297
1771074556299 299.0121154785156 298
1771074556426 302.5297546386719 299
1771074556555 250.41409301757812 300
1771074556721 263.9429931640625 301
1771074556915 263.88543701171875 302
1771074557068 276.0498352050781 303
1771074557204 269.40533447265625 304
1771074557334 270.22100830078125 305
1771074557466 251.424072265625 306
1771074557593 295.1317138671875 307
1771074557731 264.6474914550781 308
1771074557898 251.59544372558594 309
1771074558070 249.56365966796875 310
1771074558240 250.5413360595703 311
1771074558440 256.97467041015625 312
1771074558689 277.5438537597656 313
1771074558903 259.2288513183594 314
1771074559064 260.9853210449219 315
1771074559309 257.84588623046875 316
1771074559459 304.9534912109375 317
1771074559602 303.7091064453125 318
1771074559745 269.816650390625 319
1771074559884 280.8821716308594 320
1771074560038 252.5734100341797 321
1771074560201 248.00985717773438 322
1771074560304 294.65625 323
1771074560586 267.5064392089844 324
1771074560774 241.5372772216797 325
1771074560915 242.40965270996094 326
1771074561051 261.716064453125 327
1771074561192 226.85028076171875 328
1771074561331 261.1995849609375 329
1771074561473 245.05921936035156 330
1771074561609 273.2054748535156 331
1771074561748 226.51504516601562 332
1771074561889 224.2704620361328 333
1771074562038 224.07412719726562 334
1771074562173 226.49224853515625 335
1771074562313 275.74945068359375 336
1771074562454 259.083984375 337
1771074562588 248.03912353515625 338
1771074562739 309.51971435546875 339
1771074562883 241.5278778076172 340
1771074563033 265.7307434082031 341
1771074563183 254.21499633789062 342
1771074563321 271.9721984863281 343
1771074563470 269.63848876953125 344
1771074563611 287.9255065917969 345
1771074563757 245.4332733154297 346
1771074563908 290.0088195800781 347
1771074564042 224.7410888671875 348
1771074564223 258.5188293457031 349
1771074564353 246.3080291748047 350
1771074564496 237.43760681152344 351
1771074564634 261.7167663574219 352
1771074564780 251.22415161132812 353
1771074564920 231.59445190429688 354
1771074565063 267.22412109375 355
1771074565238 257.7591857910156 356
1771074565376 251.10194396972656 357
1771074565518 249.86093139648438 358
1771074565625 272.05841064453125 359
1771074565916 234.82701110839844 360
1771074566055 244.0207977294922 361
1771074566197 250.499267578125 362
1771074566338 225.8650360107422 363
1771074566482 234.2125701904297 364
1771074566628 223.92718505859375 365
1771074566768 227.0032958984375 366
1771074566909 264.6556701660156 367
1771074567047 236.45484924316406 368
1771074567195 233.33106994628906 369
1771074567332 220.00949096679688 370
1771074567478 234.85903930664062 371
1771074567611 218.60206604003906 372
1771074567751 216.85157775878906 373
1771074567893 250.47828674316406 374
1771074568036 226.2479705810547 375
1771074568175 255.86715698242188 376
1771074568313 232.58460998535156 377
1771074568450 227.93472290039062 378
1771074568591 202.09056091308594 379
1771074568750 296.3185729980469 380
1771074568891 228.2036590576172 381
1771074569047 284.52362060546875 382
1771074569249 209.73947143554688 383
1771074569398 266.5920715332031 384
1771074569544 216.49798583984375 385
1771074569678 226.1566162109375 386
1771074569811 225.79002380371094 387
1771074569971 201.8704071044922 388
1771074570117 230.13092041015625 389
1771074570261 214.49493408203125 390
1771074570409 206.36758422851562 391
1771074570551 216.8212890625 392
1771074570702 226.093505859375 393
1771074570842 202.61843872070312 394
1771074570962 214.11386108398438 395
1771074571242 191.90634155273438 396
1771074571374 239.2844696044922 397
1771074571513 215.30604553222656 398
1771074571650 211.5753631591797 399
1771074571787 235.25559997558594 400
1771074571958 238.47586059570312 401
1771074572221 212.83319091796875 402
1771074572359 246.7117919921875 403
1771074572500 257.3963623046875 404
1771074572644 210.00498962402344 405
1771074572803 244.71536254882812 406
1771074572963 197.9928436279297 407
1771074573112 189.872802734375 408
1771074573257 211.91848754882812 409
1771074573399 200.71702575683594 410
1771074573539 238.0211639404297 411
1771074573690 236.42596435546875 412
1771074573832 232.228271484375 413
1771074573974 211.96807861328125 414
1771074574129 181.16351318359375 415
1771074574296 294.3352966308594 416
1771074574437 222.81637573242188 417
1771074574660 185.7151641845703 418
1771074574811 252.3024444580078 419
1771074574942 197.66033935546875 420
1771074575084 223.97445678710938 421
1771074575229 205.015625 422
1771074575366 202.1885986328125 423
1771074575515 192.36843872070312 424
1771074575652 256.8263854980469 425
1771074575803 208.94476318359375 426
1771074575959 200.5511016845703 427
1771074576103 208.9774169921875 428
1771074576247 212.07078552246094 429
1771074576381 226.56063842773438 430
1771074576486 192.6698760986328 431
1771074576771 220.37295532226562 432
1771074576910 218.82968139648438 433
1771074577048 213.0445556640625 434
1771074577201 181.0054473876953 435
1771074577340 203.57742309570312 436
1771074577483 213.24462890625 437
1771074577624 193.45379638671875 438
1771074577771 200.0597686767578 439
1771074577907 201.79098510742188 440
1771074578043 209.55548095703125 441
1771074578186 222.4701385498047 442
1771074578328 219.5136260986328 443
1771074578485 207.02334594726562 444
1771074578623 240.23910522460938 445
1771074578765 224.4854278564453 446
1771074578912 216.7783966064453 447
1771074579060 206.296630859375 448
1771074579270 201.37887573242188 449
1771074579408 215.7093963623047 450
1771074579550 248.16722106933594 451
1771074579702 209.97535705566406 452
1771074579845 226.7451171875 453
1771074579996 236.32241821289062 454
1771074580134 199.32501220703125 455
1771074580279 216.94869995117188 456
1771074580421 186.6074676513672 457
1771074580557 189.5623016357422 458
1771074580705 192.16236877441406 459
1771074580847 231.7268524169922 460
1771074580998 196.10923767089844 461
1771074581151 260.750244140625 462
1771074581298 215.1612091064453 463
1771074581436 224.51304626464844 464
1771074581583 194.46192932128906 465
1771074581739 213.15711975097656 466
1771074581846 190.87721252441406 467
1771074582143 203.4237518310547 468
1771074582291 219.60020446777344 469
1771074582435 239.05589294433594 470
1771074582582 196.75657653808594 471
1771074582732 188.82550048828125 472
1771074582879 210.33810424804688 473
1771074583035 214.4114990234375 474
1771074583213 211.45408630371094 475
1771074583360 195.4061737060547 476
1771074583504 194.0790557861328 477
1771074583651 213.979248046875 478
1771074583793 188.78355407714844 479
1771074583932 219.11561584472656 480
1771074584074 198.00680541992188 481
1771074584254 210.92527770996094 482
1771074584391 219.86886596679688 483
1771074584552 216.95677185058594 484
1771074584697 203.17503356933594 485
1771074584841 230.72451782226562 486
1771074584988 184.3583984375 487
1771074585130 200.0972442626953 488
1771074585277 207.42486572265625 489
1771074585414 196.7010040283203 490
1771074585560 207.6167755126953 491
1771074585702 188.7094268798828 492
1771074585886 216.50360107421875 493
1771074586118 201.94166564941406 494
1771074586264 198.8268280029297 495
1771074586405 203.7041778564453 496
1771074586550 180.0891571044922 497
1771074586699 198.98495483398438 498
1771074586840 201.7100067138672 499
1771074586980 232.8321990966797 500
1771074587131 210.14808654785156 501
1771074587280 176.7707977294922 502
1771074587382 183.3262939453125 503
1771074587680 189.15872192382812 504
1771074587824 192.4813232421875 505
1771074587975 172.7853240966797 506
1771074588129 190.46426391601562 507
1771074588281 217.7506866455078 508
1771074588420 183.6541290283203 509
1771074588565 191.43807983398438 510
1771074588714 200.01712036132812 511
1771074588888 213.77114868164062 512
1771074589062 200.06919860839844 513
1771074589250 218.9307403564453 514
1771074589396 219.9781494140625 515
1771074589542 200.71722412109375 516
1771074589689 205.73028564453125 517
1771074589830 221.32257080078125 518
1771074589972 219.385498046875 519
1771074590117 206.48309326171875 520
1771074590269 221.2567596435547 521
1771074590410 186.5819854736328 522
1771074590563 209.62864685058594 523
1771074590790 184.92308044433594 524
1771074590943 202.55755615234375 525
1771074591102 201.70162963867188 526
1771074591252 175.5729522705078 527
1771074591396 231.42709350585938 528
1771074591544 228.0847930908203 529
1771074591700 168.37158203125 530
1771074591846 205.02774047851562 531
1771074591991 185.28866577148438 532
1771074592139 201.666748046875 533
1771074592289 195.84571838378906 534
1771074592434 193.4706573486328 535
1771074592586 201.13375854492188 536
1771074592757 162.2976531982422 537
1771074592932 250.1199188232422 538
1771074593044 182.22447204589844 539
1771074593341 181.2974090576172 540
1771074593482 178.62062072753906 541
1771074593623 210.331298828125 542
1771074593778 170.6626739501953 543
1771074593923 226.41549682617188 544
1771074594077 181.97769165039062 545
1771074594276 181.05564880371094 546
1771074594419 218.7772674560547 547
1771074594580 192.31906127929688 548
1771074594724 207.64044189453125 549
1771074594872 216.99237060546875 550
1771074595035 195.3371124267578 551
1771074595218 184.7401885986328 552
1771074595364 200.77516174316406 553
1771074595521 195.541015625 554
1771074595679 246.27200317382812 555
1771074595826 198.87876892089844 556
1771074595978 169.4302520751953 557
1771074596128 197.06907653808594 558
1771074596281 173.73789978027344 559
1771074596426 200.18577575683594 560
1771074596579 188.39170837402344 561
1771074596733 206.71328735351562 562
1771074596882 185.66041564941406 563
1771074597027 195.96214294433594 564
1771074597190 168.26295471191406 565
1771074597348 204.93402099609375 566
1771074597493 183.85169982910156 567
1771074597645 187.8384246826172 568
1771074597794 212.4359893798828 569
1771074597942 198.84280395507812 570
1771074598100 207.450927734375 571
1771074598248 199.01260375976562 572
1771074598411 176.60562133789062 573
1771074598564 194.27418518066406 574
1771074598683 271.78924560546875 575
1771074599006 182.48448181152344 576
1771074599203 225.4544219970703 577
1771074599382 191.14144897460938 578
1771074599603 214.78778076171875 579
1771074599771 208.68515014648438 580
1771074599923 220.70680236816406 581
1771074600088 182.48500061035156 582
1771074600235 182.34231567382812 583
1771074600388 187.5088348388672 584
1771074600544 192.4403076171875 585
1771074600716 179.41725158691406 586
1771074600880 211.27639770507812 587
1771074601033 182.7038116455078 588
1771074601180 243.68934631347656 589
1771074601341 156.63453674316406 590
1771074601484 201.3981475830078 591
1771074601628 199.92169189453125 592
1771074601774 186.7615203857422 593
1771074601915 192.9709930419922 594
1771074602058 200.0384521484375 595
1771074602199 198.5487823486328 596
1771074602343 193.57867431640625 597
1771074602493 169.33177185058594 598
1771074602640 195.62060546875 599
1771074602791 204.03756713867188 600
1771074602933 202.9091033935547 601
1771074603117 197.99803161621094 602
1771074603317 175.3017120361328 603
1771074603470 178.85159301757812 604
1771074603628 176.1068115234375 605
1771074603771 195.12762451171875 606
1771074603919 191.32997131347656 607
1771074604078 165.06324768066406 608
1771074604259 188.3954315185547 609
1771074604413 170.254150390625 610
1771074604526 181.8492889404297 611
1771074604837 165.59629821777344 612
1771074604990 174.4107666015625 613
1771074605152 178.40550231933594 614
1771074605309 193.19723510742188 615
1771074605456 194.10345458984375 616
1771074605642 210.13116455078125 617
1771074605892 212.80825805664062 618
1771074606040 168.32412719726562 619
1771074606187 171.58766174316406 620
1771074606338 177.40618896484375 621
1771074606485 196.89883422851562 622
1771074606627 186.34268188476562 623
1771074606773 195.97715759277344 624
1771074606920 188.4751434326172 625
1771074607070 189.81101989746094 626
1771074607220 204.28558349609375 627
1771074607359 222.5591278076172 628
1771074607503 195.92889404296875 629
1771074607651 181.3260040283203 630
1771074607807 180.0308074951172 631
1771074607980 179.169677734375 632
1771074608140 189.46409606933594 633
1771074608291 172.97409057617188 634
1771074608443 183.44430541992188 635
1771074608594 160.1144256591797 636
1771074608750 187.42588806152344 637
1771074609149 158.28585815429688 638
1771074609309 189.640625 639
1771074609464 176.71890258789062 640
1771074609614 197.35520935058594 641
1771074609764 191.9874267578125 642
1771074609924 181.77145385742188 643
1771074610073 169.66958618164062 644
1771074610214 179.33583068847656 645
1771074610369 175.32839965820312 646
1771074610479 151.2318878173828 647
1771074610763 203.72581481933594 648
1771074610910 187.7064208984375 649
1771074611059 165.99081420898438 650
1771074611211 213.95204162597656 651
1771074611366 170.32066345214844 652
1771074611503 197.3538360595703 653
1771074611651 198.33326721191406 654
1771074611803 179.5382537841797 655
1771074611959 151.43052673339844 656
1771074612115 190.4031219482422 657
1771074612255 203.31932067871094 658
1771074612418 183.13375854492188 659
1771074612573 175.59298706054688 660
1771074612722 167.64990234375 661
1771074612873 162.22103881835938 662
1771074613022 169.078369140625 663
1771074613180 177.7659912109375 664
1771074613365 188.35653686523438 665
1771074613520 181.22186279296875 666
1771074613665 184.86534118652344 667
1771074613817 189.09671020507812 668
1771074613969 179.5673065185547 669
1771074614138 183.54087829589844 670
1771074614304 186.91510009765625 671
1771074614447 202.84776306152344 672
1771074614590 170.73358154296875 673
1771074614746 167.02447509765625 674
1771074614896 189.85227966308594 675
1771074615045 192.56854248046875 676
1771074615200 176.01849365234375 677
1771074615358 178.6833038330078 678
1771074615501 176.8965301513672 679
1771074615648 171.17408752441406 680
1771074615803 198.01185607910156 681
1771074615948 174.0694580078125 682
1771074616058 181.15487670898438 683
