1771094786465 0.0 0
1771094786575 0.0 1
1771094786680 0.0 2
1771094786780 0.0 3
1771094786880 0.0 4
1771094786981 0.0 5
1771094787081 0.0 6
1771094787185 0.0 7
1771094787297 0.0 8
1771094787420 0.0 9
1771094787529 0.0 10
1771094787641 0.0 11
1771094787750 0.0 12
1771094787857 0.0 13
1771094787961 0.0 14
1771094788068 0.0 15
1771094788179 0.0 16
1771094788277 0.0 17
1771094788375 0.0 18
1771094788480 0.0 19
1771094788584 0.0 20
1771094788687 0.0 21
1771094788788 0.0 22
1771094788890 0.0 23
1771094788993 0.0 24
1771094789096 0.0 25
1771094789203 0.0 26
1771094789309 0.0 27
1771094789418 0.0 28
1771094789521 0.0 29
1771094789626 0.0 30
1771094789730 0.0 31
1771094789830 0.0 32
1771094789928 0.0 33
1771094790028 0.0 34
1771094790109 0.0 35
1771094790205 0.0 35
1771094790381 0.0 35
1771094790490 1.0 36
1771094790593 1.0 37
1771094790697 1.0 38
1771094790804 1.0 39
1771094790918 1.0 40
1771094791075 1.0 41
1771094791182 1.0 42
1771094791291 1.0 43
1771094791393 1.0 44
1771094791501 1.0 45
1771094791605 1.0 46
1771094791713 1.0 47
1771094791823 1.0 48
1771094791934 1.0 49
1771094792038 1.0 50
1771094792141 1.0 51
1771094792245 1.0 52
1771094792352 1.0 53
1771094792456 1.0 54
1771094792568 1.0 55
1771094792671 1.0 56
1771094792773 1.0 57
1771094792884 1.0 58
1771094792986 1.0 59
1771094793089 1.0 60
1771094793194 1.0 61
1771094793306 1.0 62
1771094793413 1.0 63
1771094793518 1.0 64
1771094793625 1.0 65
1771094793730 1.0 66
1771094793838 1.0 67
1771094793945 1.0 68
1771094794055 1.0 69
1771094794159 1.0 70
1771094794237 1.0 71
1771094794330 1.0 71
1771094794512 1.0 71
1771094794612 2.0 72
1771094794713 2.0 73
1771094794839 2.0 74
1771094795041 2.0 75
1771094795146 2.0 76
1771094795274 2.0 77
1771094795385 2.0 78
1771094795490 2.0 79
1771094795599 2.0 80
1771094795705 2.0 81
1771094795813 2.0 82
1771094795918 2.0 83
1771094796079 2.0 84
1771094796186 2.0 85
1771094796299 2.0 86
1771094796412 2.0 87
1771094796522 2.0 88
1771094796632 2.0 89
1771094796749 2.0 90
1771094796869 2.0 91
1771094796982 2.0 92
1771094797081 2.0 93
1771094797178 2.0 94
1771094797288 2.0 95
1771094797395 2.0 96
1771094797508 2.0 97
1771094797609 2.0 98
1771094797707 2.0 99
1771094797825 2.0 100
1771094797925 2.0 101
1771094798032 2.0 102
1771094798135 2.0 103
1771094798244 2.0 104
1771094798378 2.0 105
1771094798483 2.0 106
1771094798566 2.0 107
1771094798659 2.0 107
1771094798834 2.0 107
1771094798938 3.0 108
1771094799040 3.0 109
1771094799143 3.0 110
1771094799249 3.0 111
1771094799353 3.0 112
1771094799453 3.0 113
1771094799559 3.0 114
1771094799660 3.0 115
1771094799767 3.0 116
1771094799871 3.0 117
1771094799971 3.0 118
1771094800076 3.0 119
1771094800181 3.0 120
1771094800287 3.0 121
1771094800394 3.0 122
1771094800499 3.0 123
1771094800600 3.0 124
1771094800701 3.0 125
1771094800807 3.0 126
1771094800910 3.0 127
1771094801070 3.0 128
1771094801174 3.0 129
1771094801291 3.0 130
1771094801398 3.0 131
1771094801502 3.0 132
1771094801607 3.0 133
1771094801711 3.0 134
1771094801824 3.0 135
1771094801924 3.0 136
1771094802033 3.0 137
1771094802135 3.0 138
1771094802236 3.0 139
1771094802341 3.0 140
1771094802450 3.0 141
1771094802554 3.0 142
1771094802630 3.0 143
1771094802720 3.0 143
1771094802889 3.0 143
1771094802988 4.0 144
1771094803091 4.0 145
1771094803198 4.0 146
1771094803304 4.0 147
1771094803416 4.0 148
1771094803522 4.0 149
1771094803625 4.0 150
1771094803728 4.0 151
1771094803833 4.0 152
1771094803940 4.0 153
1771094804050 4.0 154
1771094804151 4.0 155
1771094804256 4.0 156
1771094804360 4.0 157
1771094804472 4.0 158
1771094804576 4.0 159
1771094804682 4.0 160
1771094804798 4.0 161
1771094804898 4.0 162
1771094805007 4.0 163
1771094805109 4.0 164
1771094805213 4.0 165
1771094805316 4.0 166
1771094805422 4.0 167
1771094805529 4.0 168
1771094805638 4.0 169
1771094805742 4.0 170
1771094805860 4.0 171
1771094806012 4.0 172
1771094806132 4.0 173
1771094806241 4.0 174
1771094806359 4.0 175
1771094806468 4.0 176
1771094806585 4.0 177
1771094806708 4.0 178
1771094806790 4.0 179
1771094806882 4.0 179
1771094806886 4.0 179
1771094806990 5.0 180
1771094807096 5.0 181
1771094807199 5.0 182
1771094807308 5.0 183
1771094807414 5.0 184
1771094807523 5.0 185
1771094807628 5.0 186
1771094807734 5.0 187
1771094807843 5.0 188
1771094807949 5.0 189
1771094808062 5.0 190
1771094808169 5.0 191
1771094808278 5.0 192
1771094808392 5.0 193
1771094808498 5.0 194
1771094808609 5.0 195
1771094808720 5.0 196
1771094808832 5.0 197
1771094808947 5.0 198
1771094809062 5.0 199
1771094809168 5.0 200
1771094809270 5.0 201
1771094809383 5.0 202
1771094809486 5.0 203
1771094809595 5.0 204
1771094809697 5.0 205
1771094809804 5.0 206
1771094809910 5.0 207
1771094810022 5.0 208
1771094810129 5.0 209
1771094810235 5.0 210
1771094810345 5.0 211
1771094810453 5.0 212
1771094810561 5.0 213
1771094810668 5.0 214
1771094810770 5.0 215
1771094810861 5.0 215
1771094811111 5.0 215
1771094811244 6.0 216
1771094811363 6.0 217
1771094811472 6.0 218
1771094811584 6.0 219
1771094811693 6.0 220
1771094811809 6.0 221
1771094811993 6.0 222
1771094812122 6.0 223
1771094812227 6.0 224
1771094812344 6.0 225
1771094812454 6.0 226
1771094812562 6.0 227
1771094812676 6.0 228
1771094812779 6.0 229
1771094812893 6.0 230
1771094813002 6.0 231
1771094813111 6.0 232
1771094813215 6.0 233
1771094813469 6.0 234
1771094813575 6.0 235
1771094813681 6.0 236
1771094813790 6.0 237
1771094813894 6.0 238
1771094814003 6.0 239
1771094814107 6.0 240
1771094814211 6.0 241
1771094814324 6.0 242
1771094814430 6.0 243
1771094814534 6.0 244
1771094814647 6.0 245
1771094814752 6.0 246
1771094814856 6.0 247
1771094814964 6.0 248
1771094815070 6.0 249
1771094815177 6.0 250
1771094815255 6.0 251
1771094815352 6.0 251
1771094815531 6.0 251
1771094815638 7.0 252
1771094815741 7.0 253
1771094815847 7.0 254
1771094815994 7.0 255
1771094816134 7.0 256
1771094816239 7.0 257
1771094816353 7.0 258
1771094816462 7.0 259
1771094816573 7.0 260
1771094816684 7.0 261
1771094816790 7.0 262
1771094816900 7.0 263
1771094817008 7.0 264
1771094817125 7.0 265
1771094817237 7.0 266
1771094817362 7.0 267
1771094817473 7.0 268
1771094817585 7.0 269
1771094817699 7.0 270
1771094817809 7.0 271
1771094817918 7.0 272
1771094818024 7.0 273
1771094818131 7.0 274
1771094818238 7.0 275
1771094818346 7.0 276
1771094818453 7.0 277
1771094818565 7.0 278
1771094818675 7.0 279
1771094818779 7.0 280
1771094818888 7.0 281
1771094818993 7.0 282
1771094819100 7.0 283
1771094819205 7.0 284
1771094819324 7.0 285
1771094819462 7.0 286
1771094819541 7.0 287
1771094819635 7.0 287
1771094819640 7.0 287
1771094819748 8.0 288
1771094819864 8.0 289
1771094819969 8.0 290
1771094820077 8.0 291
1771094820188 8.0 292
1771094820297 8.0 293
1771094820410 8.0 294
1771094820534 8.0 295
1771094820662 8.0 296
1771094820767 8.0 297
1771094820882 8.0 298
1771094821057 8.0 299
1771094821174 8.0 300
1771094821287 8.0 301
1771094821398 8.0 302
1771094821506 8.0 303
1771094821616 8.0 304
1771094821731 8.0 305
1771094821839 8.0 306
1771094821944 8.0 307
1771094822052 8.0 308
1771094822160 8.0 309
1771094822272 8.0 310
1771094822390 8.0 311
1771094822499 8.0 312
1771094822613 8.0 313
1771094822722 8.0 314
1771094822831 8.0 315
1771094822939 8.0 316
1771094823052 8.0 317
1771094823167 8.0 318
1771094823278 8.0 319
1771094823398 8.0 320
1771094823506 8.0 321
1771094823620 8.0 322
1771094823702 8.0 323
1771094823799 8.0 323
1771094823805 8.0 323
1771094823918 9.0 324
1771094824023 9.0 325
1771094824130 9.0 326
1771094824233 9.0 327
1771094824340 9.0 328
1771094824450 9.0 329
1771094824555 9.0 330
1771094824666 9.0 331
1771094824779 9.0 332
1771094824907 9.0 333
1771094825018 9.0 334
1771094825137 9.0 335
1771094825256 9.0 336
1771094825372 9.0 337
1771094825500 9.0 338
1771094825618 9.0 339
1771094825739 9.0 340
1771094825854 9.0 341
1771094826022 9.0 342
1771094826138 9.0 343
1771094826256 9.0 344
1771094826375 9.0 345
1771094826487 9.0 346
1771094826597 9.0 347
1771094826713 9.0 348
1771094826820 9.0 349
1771094826953 9.0 350
1771094827068 9.0 351
1771094827274 9.0 352
1771094827416 9.0 353
1771094827538 9.0 354
1771094827655 9.0 355
1771094827804 9.0 356
1771094827953 9.0 357
1771094828086 9.0 358
1771094828223 9.0 359
1771094828344 9.0 359
1771094828351 9.0 359
1771094828477 10.0 360
1771094828592 10.0 361
1771094828724 10.0 362
1771094828847 10.0 363
1771094828970 10.0 364
1771094829086 10.0 365
1771094829216 10.0 366
1771094829329 10.0 367
1771094829443 10.0 368
1771094829562 10.0 369
1771094829689 10.0 370
1771094829810 10.0 371
1771094829930 10.0 372
1771094830051 10.0 373
1771094830164 10.0 374
1771094830276 10.0 375
1771094830394 10.0 376
1771094830510 10.0 377
1771094830625 10.0 378
1771094830743 10.0 379
1771094830855 10.0 380
1771094831038 10.0 381
1771094831178 10.0 382
1771094831292 10.0 383
1771094831413 10.0 384
1771094831530 10.0 385
1771094831645 10.0 386
1771094831756 10.0 387
1771094831865 10.0 388
1771094831980 10.0 389
1771094832093 10.0 390
1771094832228 10.0 391
1771094832337 10.0 392
1771094832478 10.0 393
1771094832593 10.0 394
1771094832693 10.0 395
1771094832796 10.0 395
1771094832802 10.0 395
1771094832917 11.0 396
1771094833051 11.0 397
1771094833164 11.0 398
1771094833276 11.0 399
1771094833483 11.0 400
1771094833614 11.0 401
1771094833738 11.0 402
1771094833858 11.0 403
1771094833976 11.0 404
1771094834122 11.0 405
1771094834241 11.0 406
1771094834364 11.0 407
1771094834505 11.0 408
1771094834618 11.0 409
1771094834771 11.0 410
1771094834895 11.0 411
1771094835013 11.0 412
1771094835125 11.0 413
1771094835244 11.0 414
1771094835354 11.0 415
1771094835474 11.0 416
1771094835587 11.0 417
1771094835704 11.0 418
1771094835827 11.0 419
1771094836061 11.0 420
1771094836223 11.0 421
1771094836351 11.0 422
1771094836475 11.0 423
1771094836595 11.0 424
1771094836726 11.0 425
1771094836844 11.0 426
1771094836973 11.0 427
1771094837087 11.0 428
1771094837222 11.0 429
1771094837346 11.0 430
1771094837449 11.0 431
1771094837561 11.0 431
1771094837568 11.0 431
1771094837713 12.0 432
1771094837838 12.0 433
1771094837952 12.0 434
1771094838075 12.0 435
1771094838186 12.0 436
1771094838305 12.0 437
1771094838424 12.0 438
1771094838548 12.0 439
1771094838674 12.0 440
1771094838805 12.0 441
1771094838931 12.0 442
1771094839062 12.0 443
1771094839188 12.0 444
1771094839316 12.0 445
1771094839445 12.0 446
1771094839576 12.0 447
1771094839698 12.0 448
1771094839830 12.0 449
1771094839968 12.0 450
1771094840097 12.0 451
1771094840221 12.0 452
1771094840337 12.0 453
1771094840456 12.0 454
1771094840567 12.0 455
1771094840686 12.0 456
1771094840813 12.0 457
1771094840928 12.0 458
1771094841123 12.0 459
1771094841253 12.0 460
1771094841370 12.0 461
1771094841487 12.0 462
1771094841604 12.0 463
1771094841723 12.0 464
1771094841852 12.0 465
1771094841982 12.0 466
1771094842072 12.0 467
1771094842179 12.0 467
1771094842185 12.0 467
1771094842326 13.0 468
1771094842450 13.0 469
1771094842572 13.0 470
1771094842707 13.0 471
1771094842836 13.0 472
1771094842966 13.0 473
1771094843095 13.0 474
1771094843211 13.0 475
1771094843334 13.0 476
1771094843457 13.0 477
1771094843579 13.0 478
1771094843698 13.0 479
1771094843831 13.0 480
1771094843950 13.0 481
1771094844077 13.0 482
1771094844197 13.0 483
1771094844340 13.0 484
1771094844466 13.0 485
1771094844613 13.0 486
1771094844732 13.0 487
1771094844851 13.0 488
1771094844971 13.0 489
1771094845084 13.0 490
1771094845201 13.0 491
1771094845332 13.0 492
1771094845449 13.0 493
1771094845572 13.0 494
1771094845705 13.0 495
1771094845820 13.0 496
1771094846001 13.0 497
1771094846311 13.0 498
1771094846437 13.0 499
1771094846556 13.0 500
1771094846677 13.0 501
1771094846804 13.0 502
1771094846912 13.0 503
1771094847027 13.0 503
1771094847034 13.0 503
1771094847160 14.0 504
1771094847280 14.0 505
1771094847406 14.0 506
1771094847529 14.0 507
1771094847652 14.0 508
1771094847793 14.0 509
1771094847941 14.0 510
1771094848060 14.0 511
1771094848181 14.0 512
1771094848299 14.0 513
1771094848419 14.0 514
1771094848547 14.0 515
1771094848667 14.0 516
1771094848801 14.0 517
1771094848925 14.0 518
1771094849044 14.0 519
1771094849161 14.0 520
1771094849279 14.0 521
1771094849406 14.0 522
1771094849529 14.0 523
1771094849651 14.0 524
1771094849780 14.0 525
1771094849905 14.0 526
1771094850030 14.0 527
1771094850152 14.0 528
1771094850270 14.0 529
1771094850404 14.0 530
1771094850525 14.0 531
1771094850650 14.0 532
1771094850769 14.0 533
1771094850890 14.0 534
1771094851092 14.0 535
1771094851213 14.0 536
1771094851338 14.0 537
1771094851460 14.0 538
1771094851551 14.0 539
1771094851658 14.0 539
1771094851664 14.0 539
1771094851781 15.0 540
1771094851911 15.0 541
1771094852035 15.0 542
1771094852151 15.0 543
1771094852293 15.0 544
1771094852416 15.0 545
1771094852562 15.0 546
1771094852680 15.0 547
1771094852804 15.0 548
1771094852924 15.0 549
1771094853046 15.0 550
1771094853170 15.0 551
1771094853311 15.0 552
1771094853437 15.0 553
1771094853557 15.0 554
1771094853674 15.0 555
1771094853797 15.0 556
1771094853913 15.0 557
1771094854034 15.0 558
1771094854163 15.0 559
1771094854279 15.0 560
1771094854418 15.0 561
1771094854549 15.0 562
1771094854682 15.0 563
1771094854802 15.0 564
1771094854926 15.0 565
1771094855047 15.0 566
1771094855185 15.0 567
1771094855302 15.0 568
1771094855420 15.0 569
1771094855555 15.0 570
1771094855707 15.0 571
1771094855830 15.0 572
1771094855974 15.0 573
1771094856131 15.0 574
1771094856216 15.0 575
1771094856325 15.0 575
1771094856333 15.0 575
