1771094790381 501.5400085449219 35
1771094794512 446.40985107421875 71
1771094798834 407.1910400390625 107
1771094802889 378.6758728027344 143
1771094806886 353.1819152832031 179
1771094811111 334.1563415527344 215
1771094815531 312.3020935058594 251
1771094819640 286.0899963378906 287
1771094823805 270.35980224609375 323
1771094828351 254.8309783935547 359
1771094832802 245.427978515625 395
1771094837568 237.03118896484375 431
1771094842185 226.6083984375 467
1771094847034 218.9327392578125 503
1771094851664 213.1429901123047 539
1771094856333 209.81600952148438 575
