1771094786465 770.3431396484375 0
1771094786575 605.5257568359375 1
1771094786680 579.645751953125 2
1771094786780 571.66015625 3
1771094786880 563.7903442382812 4
1771094786981 509.0212707519531 5
1771094787081 475.5237731933594 6
1771094787185 521.45166015625 7
1771094787297 447.4425964355469 8
1771094787420 554.1334228515625 9
1771094787529 461.4737548828125 10
1771094787641 438.1768493652344 11
1771094787750 500.2899169921875 12
1771094787857 461.5260314941406 13
1771094787961 465.7637634277344 14
1771094788068 529.6917724609375 15
1771094788179 420.6466369628906 16
1771094788277 443.82061767578125 17
1771094788375 500.6185302734375 18
1771094788480 490.5350646972656 19
1771094788584 489.0291442871094 20
1771094788687 463.02911376953125 21
1771094788788 467.8489685058594 22
1771094788890 512.2901000976562 23
1771094788993 477.1435546875 24
1771094789096 425.5715637207031 25
1771094789203 545.831787109375 26
1771094789309 472.1797790527344 27
1771094789418 472.6991271972656 28
1771094789521 500.55767822265625 29
1771094789626 478.3298645019531 30
1771094789730 483.3584899902344 31
1771094789830 464.2241516113281 32
1771094789928 507.11407470703125 33
1771094790028 488.0084228515625 34
1771094790109 473.4214172363281 35
1771094790490 476.5593566894531 36
1771094790593 479.8761291503906 37
1771094790697 429.2210998535156 38
1771094790804 461.0511169433594 39
1771094790918 483.1162414550781 40
1771094791075 472.7024841308594 41
1771094791182 449.2676086425781 42
1771094791291 511.92529296875 43
1771094791393 442.460693359375 44
1771094791501 430.1226806640625 45
1771094791605 403.8754577636719 46
1771094791713 496.9928283691406 47
1771094791823 413.5035095214844 48
1771094791934 446.62774658203125 49
1771094792038 405.5464782714844 50
1771094792141 433.3135681152344 51
1771094792245 437.9008483886719 52
1771094792352 502.2131042480469 53
1771094792456 393.6835632324219 54
1771094792568 445.3770751953125 55
1771094792671 428.2222595214844 56
1771094792773 451.33734130859375 57
1771094792884 433.6161193847656 58
1771094792986 404.43426513671875 59
1771094793089 429.9601745605469 60
1771094793194 487.604736328125 61
1771094793306 427.47064208984375 62
1771094793413 459.7810363769531 63
1771094793518 427.9428405761719 64
1771094793625 471.68402099609375 65
1771094793730 388.8329772949219 66
1771094793838 412.7271728515625 67
1771094793945 468.2704772949219 68
1771094794055 467.04107666015625 69
1771094794159 468.1684265136719 70
1771094794237 330.6731872558594 71
1771094794612 472.106689453125 72
1771094794713 402.8717956542969 73
1771094794839 393.7943420410156 74
1771094795041 395.64495849609375 75
1771094795146 476.66876220703125 76
1771094795274 403.48187255859375 77
1771094795385 414.8227844238281 78
1771094795490 393.6477966308594 79
1771094795599 389.32373046875 80
1771094795705 387.61328125 81
1771094795813 390.71734619140625 82
1771094795918 434.5870666503906 83
1771094796079 449.1765441894531 84
1771094796186 458.61346435546875 85
1771094796299 380.41485595703125 86
1771094796412 426.92047119140625 87
1771094796522 394.71435546875 88
1771094796632 484.9356994628906 89
1771094796749 394.3895263671875 90
1771094796869 418.9884948730469 91
1771094796982 427.1467590332031 92
1771094797081 359.539306640625 93
1771094797178 360.7834777832031 94
1771094797288 370.8610534667969 95
1771094797395 420.7662048339844 96
1771094797508 414.65814208984375 97
1771094797609 394.9196472167969 98
1771094797707 406.2347412109375 99
1771094797825 322.6012878417969 100
1771094797925 384.0931396484375 101
1771094798032 416.7249450683594 102
1771094798135 420.5411682128906 103
1771094798244 413.9407043457031 104
1771094798378 366.5690002441406 105
1771094798483 411.4073486328125 106
1771094798566 390.9739990234375 107
1771094798938 439.494140625 108
1771094799040 358.686767578125 109
1771094799143 414.1869201660156 110
1771094799249 397.2096252441406 111
1771094799353 374.2211608886719 112
1771094799453 374.6909484863281 113
1771094799559 408.9051208496094 114
1771094799660 350.7382507324219 115
1771094799767 398.488525390625 116
1771094799871 398.94110107421875 117
1771094799971 412.7496032714844 118
1771094800076 391.89556884765625 119
1771094800181 412.2754211425781 120
1771094800287 374.9969482421875 121
1771094800394 380.5520935058594 122
1771094800499 372.24017333984375 123
1771094800600 441.3780517578125 124
1771094800701 354.2498474121094 125
1771094800807 361.32843017578125 126
1771094800910 348.33447265625 127
1771094801070 372.1755676269531 128
1771094801174 366.9246826171875 129
1771094801291 418.2589416503906 130
1771094801398 440.54742431640625 131
1771094801502 355.22320556640625 132
1771094801607 324.20672607421875 133
1771094801711 373.454833984375 134
1771094801824 349.7015380859375 135
1771094801924 343.3931884765625 136
1771094802033 321.81671142578125 137
1771094802135 327.25128173828125 138
1771094802236 383.4617004394531 139
1771094802341 349.2547302246094 140
1771094802450 378.0691223144531 141
1771094802554 381.33795166015625 142
1771094802630 397.958984375 143
1771094802988 371.50103759765625 144
1771094803091 359.54833984375 145
1771094803198 426.3232727050781 146
1771094803304 412.90875244140625 147
1771094803416 375.2472839355469 148
1771094803522 360.62701416015625 149
1771094803625 406.9537658691406 150
1771094803728 350.5013732910156 151
1771094803833 404.728759765625 152
1771094803940 347.7048034667969 153
1771094804050 319.5696716308594 154
1771094804151 330.8492736816406 155
1771094804256 344.916015625 156
1771094804360 347.117919921875 157
1771094804472 368.52294921875 158
1771094804576 338.3231506347656 159
1771094804682 346.75115966796875 160
1771094804798 291.4936828613281 161
1771094804898 339.9049072265625 162
1771094805007 351.357666015625 163
1771094805109 325.58856201171875 164
1771094805213 363.2352600097656 165
1771094805316 335.99884033203125 166
1771094805422 335.9280700683594 167
1771094805529 334.4471740722656 168
1771094805638 336.56451416015625 169
1771094805742 328.6856994628906 170
1771094805860 325.91448974609375 171
1771094806012 405.7093811035156 172
1771094806132 370.37060546875 173
1771094806241 325.20867919921875 174
1771094806359 333.3855895996094 175
1771094806468 351.4328308105469 176
1771094806585 337.0666809082031 177
1771094806708 340.2269287109375 178
1771094806790 460.416015625 179
1771094806990 312.80633544921875 180
1771094807096 344.78369140625 181
1771094807199 416.0476379394531 182
1771094807308 325.8351745605469 183
1771094807414 315.4071350097656 184
1771094807523 326.9071044921875 185
1771094807628 292.7503967285156 186
1771094807734 378.93548583984375 187
1771094807843 348.8812561035156 188
1771094807949 367.4203796386719 189
1771094808062 346.875 190
1771094808169 306.6085205078125 191
1771094808278 337.8797912597656 192
1771094808392 363.094970703125 193
1771094808498 285.5592041015625 194
1771094808609 334.0031433105469 195
1771094808720 310.2275695800781 196
1771094808832 323.65869140625 197
1771094808947 345.0627746582031 198
1771094809062 316.14337158203125 199
1771094809168 335.7872314453125 200
1771094809270 316.015625 201
1771094809383 389.2353210449219 202
1771094809486 315.0083312988281 203
1771094809595 340.7245178222656 204
1771094809697 301.8847961425781 205
1771094809804 367.5389709472656 206
1771094809910 357.7696228027344 207
1771094810022 303.980224609375 208
1771094810129 341.4491882324219 209
1771094810235 351.9593505859375 210
1771094810345 336.1278076171875 211
1771094810453 334.8091125488281 212
1771094810561 322.13006591796875 213
1771094810668 295.734375 214
1771094810770 247.29733276367188 215
1771094811244 321.64276123046875 216
1771094811363 316.07806396484375 217
1771094811472 372.0690612792969 218
1771094811584 338.4046936035156 219
1771094811693 269.6405029296875 220
1771094811809 291.4122619628906 221
1771094811993 314.57562255859375 222
1771094812122 271.5350646972656 223
1771094812227 301.03436279296875 224
1771094812344 346.3257141113281 225
1771094812454 310.6069641113281 226
1771094812562 335.0328674316406 227
1771094812676 298.5182800292969 228
1771094812779 351.4677734375 229
1771094812893 336.788330078125 230
1771094813002 321.3787536621094 231
1771094813111 314.5141296386719 232
1771094813215 312.745361328125 233
1771094813469 306.664306640625 234
1771094813575 291.30218505859375 235
1771094813681 305.9151611328125 236
1771094813790 315.714111328125 237
1771094813894 299.66473388671875 238
1771094814003 320.4836120605469 239
1771094814107 286.5538024902344 240
1771094814211 354.2903137207031 241
1771094814324 285.0461730957031 242
1771094814430 337.2458801269531 243
1771094814534 324.7569274902344 244
1771094814647 302.75360107421875 245
1771094814752 317.9234619140625 246
1771094814856 287.4756774902344 247
1771094814964 304.32159423828125 248
1771094815070 295.3395690917969 249
1771094815177 264.67303466796875 250
1771094815255 355.0372009277344 251
1771094815638 284.0680847167969 252
1771094815741 281.51708984375 253
1771094815847 237.36817932128906 254
1771094815994 372.00677490234375 255
1771094816134 291.0101623535156 256
1771094816239 311.8858947753906 257
1771094816353 254.2371063232422 258
1771094816462 291.5952453613281 259
1771094816573 288.1971740722656 260
1771094816684 271.7575988769531 261
1771094816790 272.1866149902344 262
1771094816900 287.5656433105469 263
1771094817008 310.1000671386719 264
1771094817125 292.03131103515625 265
1771094817237 281.74371337890625 266
1771094817362 310.5857849121094 267
1771094817473 290.9764404296875 268
1771094817585 270.6193542480469 269
1771094817699 302.5026550292969 270
1771094817809 274.2969665527344 271
1771094817918 314.93255615234375 272
1771094818024 275.4690246582031 273
1771094818131 293.382568359375 274
1771094818238 282.4711608886719 275
1771094818346 237.6982879638672 276
1771094818453 310.8489685058594 277
1771094818565 274.8867492675781 278
1771094818675 281.1074523925781 279
1771094818779 262.8625183105469 280
1771094818888 290.1256408691406 281
1771094818993 332.7861328125 282
1771094819100 238.36114501953125 283
1771094819205 297.4938659667969 284
1771094819324 302.706787109375 285
1771094819462 244.26174926757812 286
1771094819541 270.1064758300781 287
1771094819748 284.71533203125 288
1771094819864 286.25653076171875 289
1771094819969 261.5189208984375 290
1771094820077 237.3927764892578 291
1771094820188 299.75299072265625 292
1771094820297 269.76556396484375 293
1771094820410 288.972900390625 294
1771094820534 282.3443298339844 295
1771094820662 333.17095947265625 296
1771094820767 266.40899658203125 297
1771094820882 272.9454650878906 298
1771094821057 294.729248046875 299
1771094821174 229.8562774658203 300
1771094821287 245.5340576171875 301
1771094821398 248.999267578125 302
1771094821506 282.2917175292969 303
1771094821616 268.13995361328125 304
1771094821731 275.53704833984375 305
1771094821839 242.18540954589844 306
1771094821944 270.58135986328125 307
1771094822052 284.7810974121094 308
1771094822160 245.86195373535156 309
1771094822272 239.58865356445312 310
1771094822390 243.3309783935547 311
1771094822499 251.9520721435547 312
1771094822613 295.84344482421875 313
1771094822722 264.7544860839844 314
1771094822831 270.93682861328125 315
1771094822939 259.32769775390625 316
1771094823052 296.1238708496094 317
1771094823167 317.5712585449219 318
1771094823278 274.407958984375 319
1771094823398 260.0104064941406 320
1771094823506 264.6505432128906 321
1771094823620 244.0272674560547 322
1771094823702 323.63580322265625 323
1771094823918 264.4237060546875 324
1771094824023 234.62008666992188 325
1771094824130 240.50486755371094 326
1771094824233 239.05763244628906 327
1771094824340 227.7650909423828 328
1771094824450 256.90142822265625 329
1771094824555 247.73580932617188 330
1771094824666 287.7044677734375 331
1771094824779 233.28204345703125 332
1771094824907 234.60765075683594 333
1771094825018 221.8515625 334
1771094825137 233.11691284179688 335
1771094825256 237.2502899169922 336
1771094825372 257.96630859375 337
1771094825500 249.21505737304688 338
1771094825618 299.2035217285156 339
1771094825739 236.04530334472656 340
1771094825854 264.3442687988281 341
1771094826022 246.5069122314453 342
1771094826138 272.20074462890625 343
1771094826256 262.8375549316406 344
1771094826375 271.26104736328125 345
1771094826487 253.72792053222656 346
1771094826597 315.9249572753906 347
1771094826713 231.5245819091797 348
1771094826820 262.38134765625 349
1771094826953 258.5030822753906 350
1771094827068 248.39599609375 351
1771094827274 260.3071594238281 352
1771094827416 249.70840454101562 353
1771094827538 240.78338623046875 354
1771094827655 283.5602111816406 355
1771094827804 269.59759521484375 356
1771094827953 266.0476379394531 357
1771094828086 252.62876892089844 358
1771094828223 303.4122314453125 359
1771094828477 267.5934753417969 360
1771094828592 250.85044860839844 361
1771094828724 261.35467529296875 362
1771094828847 229.9622344970703 363
1771094828970 235.8506622314453 364
1771094829086 247.35963439941406 365
1771094829216 227.0448455810547 366
1771094829329 267.70562744140625 367
1771094829443 238.349365234375 368
1771094829562 251.95458984375 369
1771094829689 246.54054260253906 370
1771094829810 241.89805603027344 371
1771094829930 246.13778686523438 372
1771094830051 226.62969970703125 373
1771094830164 271.1011657714844 374
1771094830276 232.76992797851562 375
1771094830394 274.4174499511719 376
1771094830510 252.51449584960938 377
1771094830625 235.0282440185547 378
1771094830743 212.44338989257812 379
1771094830855 295.17156982421875 380
1771094831038 237.33071899414062 381
1771094831178 285.9653015136719 382
1771094831292 234.82904052734375 383
1771094831413 266.353515625 384
1771094831530 232.65151977539062 385
1771094831645 237.8170928955078 386
1771094831756 236.71145629882812 387
1771094831865 260.13604736328125 388
1771094831980 244.47557067871094 389
1771094832093 239.98944091796875 390
1771094832228 222.8040771484375 391
1771094832337 229.17800903320312 392
1771094832478 237.0349578857422 393
1771094832593 219.9932861328125 394
1771094832693 194.43191528320312 395
1771094832917 228.29713439941406 396
1771094833051 256.0486755371094 397
1771094833164 222.28187561035156 398
1771094833276 223.25193786621094 399
1771094833483 256.081787109375 400
1771094833614 252.10751342773438 401
1771094833738 213.37086486816406 402
1771094833858 247.21261596679688 403
1771094833976 282.037109375 404
1771094834122 224.47329711914062 405
1771094834241 254.67942810058594 406
1771094834364 209.08995056152344 407
1771094834505 219.668212890625 408
1771094834618 239.36639404296875 409
1771094834771 249.66094970703125 410
1771094834895 252.31448364257812 411
1771094835013 238.75868225097656 412
1771094835125 212.6820831298828 413
1771094835244 215.419921875 414
1771094835354 208.0227508544922 415
1771094835474 294.5214538574219 416
1771094835587 239.9389190673828 417
1771094835704 246.33433532714844 418
1771094835827 239.2877960205078 419
1771094836061 220.7830810546875 420
1771094836223 250.21543884277344 421
1771094836351 253.911865234375 422
1771094836475 245.3954620361328 423
1771094836595 211.38389587402344 424
1771094836726 253.19615173339844 425
1771094836844 224.53468322753906 426
1771094836973 231.51693725585938 427
1771094837087 233.92800903320312 428
1771094837222 219.9056396484375 429
1771094837346 233.65350341796875 430
1771094837449 190.69015502929688 431
1771094837713 248.69076538085938 432
1771094837838 237.4312744140625 433
1771094837952 228.76080322265625 434
1771094838075 196.82582092285156 435
1771094838186 217.16770935058594 436
1771094838305 242.13900756835938 437
1771094838424 213.41073608398438 438
1771094838548 212.02943420410156 439
1771094838674 216.3219451904297 440
1771094838805 224.75685119628906 441
1771094838931 254.88511657714844 442
1771094839062 229.7480010986328 443
1771094839188 207.78628540039062 444
1771094839316 222.1918182373047 445
1771094839445 223.44869995117188 446
1771094839576 235.13308715820312 447
1771094839698 218.23806762695312 448
1771094839830 221.11544799804688 449
1771094839968 241.00479125976562 450
1771094840097 284.6219787597656 451
1771094840221 220.90933227539062 452
1771094840337 253.2458038330078 453
1771094840456 213.49844360351562 454
1771094840567 221.5759735107422 455
1771094840686 233.51992797851562 456
1771094840813 196.7393798828125 457
1771094840928 199.04159545898438 458
1771094841123 202.71327209472656 459
1771094841253 228.76425170898438 460
1771094841370 207.2937469482422 461
1771094841487 254.63893127441406 462
1771094841604 240.95086669921875 463
1771094841723 254.9250030517578 464
1771094841852 204.0091552734375 465
1771094841982 224.29026794433594 466
1771094842072 223.2177734375 467
1771094842326 212.5076904296875 468
1771094842450 218.43426513671875 469
1771094842572 244.33888244628906 470
1771094842707 219.93057250976562 471
1771094842836 211.662109375 472
1771094842966 212.29420471191406 473
1771094843095 242.72659301757812 474
1771094843211 240.17044067382812 475
1771094843334 203.80712890625 476
1771094843457 189.72564697265625 477
1771094843579 216.39630126953125 478
1771094843698 196.63287353515625 479
1771094843831 239.5358428955078 480
1771094843950 200.53282165527344 481
1771094844077 228.0242156982422 482
1771094844197 234.62310791015625 483
1771094844340 230.85012817382812 484
1771094844466 208.9781494140625 485
1771094844613 254.9944610595703 486
1771094844732 211.6151885986328 487
1771094844851 212.33448791503906 488
1771094844971 239.3960723876953 489
1771094845084 215.0362091064453 490
1771094845201 227.3065948486328 491
1771094845332 205.8750457763672 492
1771094845449 216.80250549316406 493
1771094845572 219.79248046875 494
1771094845705 198.81138610839844 495
1771094845820 213.17855834960938 496
1771094846001 194.18905639648438 497
1771094846311 223.82461547851562 498
1771094846437 215.74684143066406 499
1771094846556 248.4499969482422 500
1771094846677 229.6044158935547 501
1771094846804 191.36001586914062 502
1771094846912 175.1348419189453 503
1771094847160 199.50039672851562 504
1771094847280 211.82846069335938 505
1771094847406 193.6163787841797 506
1771094847529 222.04823303222656 507
1771094847652 224.56663513183594 508
1771094847793 194.82244873046875 509
1771094847941 207.227294921875 510
1771094848060 216.34133911132812 511
1771094848181 221.14804077148438 512
1771094848299 216.45620727539062 513
1771094848419 205.4666290283203 514
1771094848547 228.19363403320312 515
1771094848667 208.5065460205078 516
1771094848801 208.4269256591797 517
1771094848925 234.3490753173828 518
1771094849044 246.34686279296875 519
1771094849161 216.09767150878906 520
1771094849279 225.23175048828125 521
1771094849406 196.55213928222656 522
1771094849529 214.51858520507812 523
1771094849651 207.7252655029297 524
1771094849780 206.6895751953125 525
1771094849905 207.4969024658203 526
1771094850030 199.91941833496094 527
1771094850152 241.25460815429688 528
1771094850270 214.4148712158203 529
1771094850404 195.15255737304688 530
1771094850525 209.0841522216797 531
1771094850650 195.70205688476562 532
1771094850769 209.42532348632812 533
1771094850890 204.66705322265625 534
1771094851092 220.027587890625 535
1771094851213 224.38751220703125 536
1771094851338 184.44778442382812 537
1771094851460 251.78233337402344 538
1771094851551 191.26751708984375 539
1771094851781 210.6378631591797 540
1771094851911 200.52926635742188 541
1771094852035 227.8616485595703 542
1771094852151 179.82212829589844 543
1771094852293 241.5364990234375 544
1771094852416 180.0971221923828 545
1771094852562 196.17002868652344 546
1771094852680 206.21641540527344 547
1771094852804 205.4425506591797 548
1771094852924 230.44297790527344 549
1771094853046 232.37863159179688 550
1771094853170 198.094970703125 551
1771094853311 208.05123901367188 552
1771094853437 203.08682250976562 553
1771094853557 210.24203491210938 554
1771094853674 282.0163879394531 555
1771094853797 226.20533752441406 556
1771094853913 177.0933837890625 557
1771094854034 221.41119384765625 558
1771094854163 179.84585571289062 559
1771094854279 214.96080017089844 560
1771094854418 197.8178253173828 561
1771094854549 223.2919921875 562
1771094854682 185.1210174560547 563
1771094854802 191.8941650390625 564
1771094854926 206.50721740722656 565
1771094855047 212.64878845214844 566
1771094855185 210.50660705566406 567
1771094855302 208.21890258789062 568
1771094855420 217.51388549804688 569
1771094855555 214.08786010742188 570
1771094855707 219.7292938232422 571
1771094855830 223.5736846923828 572
1771094855974 182.09490966796875 573
1771094856131 204.83348083496094 574
1771094856216 296.7138977050781 575
